1
2
3
4
5
8
10
12
14
15
16
17
20
21
22
23
24
25
27
28
29
32
33
34
35
37
38
41
42
44
45
46
47
48
49
50
51
53
54
55
56
57
58
60
64
67
68
69
70
71
72
74
75
76
78
79
80
81
83
85
86
87
88
89
90
93
94
95
96
97
98
99
101
103
104
106
107
108
109
110
111
112
113
114
115
116
117
119
121
122
123
124
126
127
132
135
136
137
140
142
143
145
147
149
151
153
154
155
162
163
164
166
169
170
172
173
174
175
176
177
178
180
181
182
183
184
185
187
188
189
190
191
192
193
195
196
197
198
200
203
205
206
207
208
209
210
211
214
216
219
220
221
222
223
224
225
226
227
229
230
231
232
233
234
237
238
240
242
244
245
247
249
250
251
252
254
255
256
259
260
261
262
263
264
265
266
267
268
269
270
271
272
274
275
276
277
278
280
281
282
283
284
285
286
287
288
289
290
293
294
295
297
298
299
302
303
304
305
306
307
308
310
311
312
315
317
318
319
320
322
326
330
331
333
334
336
337
338
339
341
342
343
344
345
346
347
348
349
350
352
354
355
357
358
359
360
361
363
364
365
366
367
368
369
370
371
372
373
374
375
378
379
381
382
383
385
386
387
391
394
395
396
398
400
401
405
406
407
409
410
412
413
414
415
418
419
421
424
425
427
429
430
431
434
435
439
440
442
450
453
454
455
456
457
459
463
464
465
467
468
470
471
474
476
478
480
481
482
483
484
488
491
493
494
496
498
499
503
505
510
512
514
515
516
517
518
520
522
526
527
528
530
532
533
534
535
538
541
542
543
546
549
550
552
553
554
555
557
558
564
566
569
570
571
573
574
575
576
578
579
580
581
583
586
589
590
591
592
593
594
596
597
599
601
604
606
608
609
610
611
614
615
616
620
621
622
623
624
625
627
629
632
633
634
635
636
637
638
639
642
643
644
645
646
647
651
652
654
658
659
660
661
662
664
665
669
670
671
672
673
674
676
679
680
681
682
683
684
685
690
691
692
694
695
698
699
701
704
705
707
709
710
711
712
713
714
716
717
719
721
722
723
726
727
728
729
730
731
732
733
735
739
742
743
745
746
747
749
750
753
754
759
760
762
763
764
765
767
768
769
770
771
772
774
775
776
777
778
779
780
783
784
786
787
789
790
792
794
795
797
798
799
803
804
805
806
807
808
809
810
811
812
813
815
818
824
825
826
829
830
831
832
835
837
838
840
841
842
844
845
847
848
849
850
852
854
855
856
858
859
860
861
866
867
868
869
870
872
873
874
875
877
878
879
881
884
885
886
887
888
889
890
892
893
894
897
898
899
900
901
902
903
906
907
908
909
910
911
914
915
916
917
918
920
921
922
923
924
925
926
927
928
929
930
931
932
934
935
936
937
939
940
942
945
949
950
951
952
953
954
958
959
962
963
966
968
969
973
974
975
977
978
979
980
982
983
985
986
988
989
992
993
998
999
1000
1004
1006
1007
1008
1009
1011
1012
1013
1015
1016
1020
1021
1022
1023
1024
1027
1029
1030
1032
1033
1034
1035
1036
1037
1039
1040
1041
1044
1046
1047
1048
1049
1050
1051
1053
1054
1055
1056
1057
1058
1059
1060
1061
1062
1063
1064
1065
1066
1067
1068
1069
1070
1071
1072
1074
1076
1077
1078
1080
1084
1090
1091
1092
1093
1095
1096
1098
1101
1103
1105
1108
1109
1110
1111
1113
1114
1115
1116
1118
1119
1120
1121
1122
1123
1124
1125
1126
1128
1129
1130
1131
1132
1133
1134
1136
1137
1139
1140
1141
1142
1144
1146
1147
1150
1151
1152
1153
1155
1156
1157
1158
1159
1160
1162
1164
1165
1167
1168
1169
1170
1171
1172
1173
1175
1176
1177
1178
1179
1180
1181
1183
1185
1186
1189
1190
1191
1192
1193
1194
1197
1198
1200
1203
1205
1206
1207
1210
1211
1212
1213
1214
1215
1216
1217
1218
1220
1222
1223
1224
1225
1228
1230
1233
1234
1236
1237
1238
1243
1245
1246
1248
1249
1253
1254
1255
1256
1258
1260
1261
1263
1264
1265
1267
1268
1270
1271
1272
1275
1278
1279
1283
1285
1286
1287
1288
1290
1292
1294
1298
1299
1305
1306
1310
1313
1314
1315
1317
1318
1319
1320
1322
1324
1325
1326
1327
1328
1329
1330
1331
1332
1333
1334
1335
1339
1344
1346
1348
1349
1350
1351
1352
1353
1354
1355
1358
1359
1360
1363
1368
1369
1370
1371
1372
1373
1374
1375
1379
1380
1381
1382
1383
1384
1388
1390
1392
1393
1395
1396
1397
1399
1402
1403
1404
1406
1407
1408
1409
1410
1411
1412
1413
1415
1416
1418
1419
1420
1421
1422
1424
1425
1426
1427
1431
1433
1434
1435
1436
1437
1438
1439
1443
1445
1446
1447
1448
1449
1450
1451
1453
1455
1456
1458
1459
1460
1461
1462
1465
1466
1467
1468
1469
1470
1471
1472
1473
1474
1475
1479
1482
1483
1484
1486
1487
1488
1489
1490
1491
1492
1494
1495
1496
1497
1498
1499
1501
1502
1504
1505
1507
1508
1511
1512
1513
1514
1517
1520
1521
1523
1524
1526
1527
1528
1529
1531
1535
1536
1537
1538
1539
1541
1543
1544
1545
1546
1548
1549
1550
1551
1552
1554
1555
1557
1558
1559
1561
1562
1563
1565
1566
1568
1570
1571
1572
1573
1574
1575
1576
1578
1579
1581
1582
1583
1585
1586
1587
1589
1590
1591
1592
1593
1595
1596
1597
1598
1599
1600
1601
1602
1603
1605
1608
1610
1612
1615
1622
1625
1626
1630
1636
1641
1643
1644
1646
1649
1651
1660
1661
1663
1665
1668
1669
1670
1674
1675
1676
1677
1679
1680
1683
1686
1688
1692
1693
1695
1697
1700
1701
1702
1704
1705
1707
1708
1710
1711
1713
1715
1717
1718
1719
1721
1722
1724
1725
1727
1728
1729
1731
1732
1734
1735
1736
1737
1738
1740
1741
1742
1743
1744
1745
1748
1750
1752
1753
1754
1757
1759
1760
1761
1762
1764
1766
1768
1769
1771
1772
1774
1778
1780
1781
1782
1783
1785
1786
1787
1788
1791
1795
1796
1798
1803
1805
1806
1808
1812
1813
1814
1817
1821
1824
1825
1826
1829
1830
1834
1835
1844
1845
1846
1847
1848
1849
1851
1854
1855
1856
1858
1859
1860
1865
1868
1869
1870
1874
1876
1879
1880
1881
1882
1883
1885
1887
1888
1890
1892
1893
1896
1897
1899
1900
1902
1905
1906
1907
1908
1909
1911
1912
1914
1915
1916
1918
1919
1920
1921
1922
1924
1925
1926
1927
1931
1935
1939
1940
1942
1943
1944
1945
1947
1950
1951
1952
1955
1956
1957
1958
1959
1961
1962
1963
1964
1967
1969
1971
1973
1974
1977
1978
1980
1982
1984
1985
1986
1987
1991
1994
1995
1998
1999
2002
2005
2006
2007
2012
2013
2015
2018
2019
2021
2022
2023
2029
2031
2033
2037
2039
2041
2043
2044
2046
2048
2052
2054
2059
2063
2064
2066
2067
2068
2072
2078
2080
2082
2083
2086
2087
2090
2091
2096
2103
2104
2105
2106
2107
2108
2109
2115
2117
2118
2123
2124
2125
2126
2128
2131
2137
2141
2149
2151
2152
2154
2157
2159
2160
2161
2162
2166
2168
2172
2173
2175
2177
2180
2182
2183
2185
2187
2194
2199
2200
2203
2205
2207
2208
2209
2210
2212
2213
2214
2215
2216
2217
2218
2219
2221
2222
2223
2224
2225
2226
2227
2232
2234
2236
2237
2238
2239
2241
2242
2244
2245
2246
2248
2249
2251
2252
2253
2254
2256
2257
2258
2259
2260
2261
2264
2265
2266
2267
2268
2270
2271
2273
2275
2276
2278
2280
2281
2282
2283
2284
2285
2286
2292
2293
2294
2295
2297
2298
2299
2301
2302
2304
2305
2306
2308
2309
2310
2312
2313
2314
2315
2316
2317
2318
2319
2320
2321
2322
2325
2330
2331
2332
2333
2334
2335
2336
2337
2339
2341
2342
2343
2344
2346
2347
2350
2351
2352
2353
2355
2356
2358
2359
2360
2362
2364
2366
2367
2368
2369
2370
2372
2373
2374
2375
2377
2378
2380
2382
2383
2384
2385
2386
2388
2389
2390
2391
2392
2393
2395
2396
2397
2398
2401
2402
2403
2404
2405
2406
2407
2410
2411
2412
2413
2416
2417
2419
2420
2421
2422
2423
2424
2425
2426
2427
2429
2430
2431
2432
2433
2434
2435
2437
2439
2441
2442
2443
2444
2445
2446
2447
2448
2449
2450
2451
2452
2454
2455
2456
2459
2460
2462
2463
2464
2465
2466
2467
2468
2469
2472
2473
2475
2476
2477
2478
2480
2481
2482
2483
2484
2485
2486
2487
2489
2492
2493
2495
2496
2498
2499
2500
2501
2502
2504
2505
2506
2507
2508
2510
2512
2513
2514
2515
2516
2518
2519
2521
2522
2523
2524
2526
2527
2529
2530
2531
2532
2533
2534
2535
2536
2539
2540
2542
2543
2544
2547
2548
2549
2550
2551
2552
2554
2555
2556
2557
2558
2560
2561
2562
2563
2564
2565
2567
2568
2569
2571
2572
2573
2574
2576
2578
2580
2581
2584
2585
2586
2587
2589
2590
2591
2592
2593
2594
2596
2597
2598
2599
2605
2606
2607
2608
2609
2614
2618
2619
2621
2624
2625
2632
2635
2640
2645
2646
2648
2655
2656
2657
2662
2665
2666
2667
2671
2674
2679
2680
2684
2687
2688
2689
2692
2704
2710
2713
2714
2718
2719
2721
2722
2725
2727
2732
2733
2734
2740
2749
2750
2751
2753
2754
2757
2758
2760
2762
2763
2765
2766
2767
2768
2770
2773
2774
2777
2781
2788
2790
2791
2792
2795
2797
2799
2800
2805
2807
2816
2822
2824
2826
2828
2832
2833
2836
2843
2846
2847
2852
2860
2864
2868
2871
2872
2873
2874
2876
2877
2878
2879
2880
2881
2889
2896
2898
2899
2900
2903
2904
2905
2907
2910
2911
2912
2913
2914
2916
2917
2918
2919
2920
2923
2924
2925
2927
2929
2930
2934
2935
2936
2937
2946
2947
2948
2950
2952
2953
2954
2955
2956
2957
2959
2961
2962
2970
2972
2978
2979
2982
2984
2985
2990
2993
2994
2997
3000
3001
3002
3003
3006
3007
3008
3012
3013
3014
3015
3018
3019
3020
3022
3027
3028
3032
3035
3036
3038
3040
3041
3042
3043
3044
3046
3049
3050
3051
3052
3053
3054
3056
3058
3059
3062
3065
3066
3069
3071
3073
3074
3076
3078
3079
3080
3081
3083
3085
3086
3087
3088
3089
3092
3094
3095
3096
3097
3098
3100
3101
3102
3105
3109
3111
3113
3114
3117
3120
3122
3124
3125
3126
3127
3128
3129
3130
3131
3134
3135
3136
3137
3140
3142
3143
3144
3145
3146
3147
3149
3150
3151
3152
3154
3156
3157
3158
3159
3161
3164
3166
3169
3170
3172
3173
3174
3176
3177
3178
3181
3183
3184
3185
3186
3188
3190
3192
3193
3194
3195
3196
3197
3199
3202
3203
3206
3213
3215
3219
3220
3230
3235
3236
3238
3240
3254
3259
3261
3263
3267
3268
3269
3271
3274
3276
3282
3286
3289
3290
3303
3307
3308
3310
3317
3321
3323
3324
3326
3331
3332
3335
3343
3347
3348
3352
3354
3355
3357
3359
3362
3363
3368
3372
3379
3380
3382
3385
3389
3393
3400
3401
3403
3405
3406
3408
3410
3412
3414
3415
3417
3418
3419
3420
3421
3422
3424
3425
3427
3428
3429
3430
3433
3434
3436
3440
3442
3443
3444
3445
3446
3447
3449
3450
3451
3452
3453
3457
3458
3459
3463
3464
3466
3468
3469
3470
3471
3472
3473
3474
3475
3476
3478
3481
3483
3484
3487
3490
3491
3492
3493
3494
3496
3498
3500
3504
3506
3507
3508
3509
3510
3511
3513
3514
3517
3518
3519
3520
3522
3523
3524
3525
3528
3529
3532
3533
3534
3535
3536
3537
3538
3540
3541
3542
3543
3545
3546
3548
3549
3552
3553
3556
3562
3565
3570
3573
3574
3579
3580
3581
3583
3585
3586
3590
3592
3594
3596
3600
3601
3602
3603
3604
3608
3610
3612
3613
3614
3617
3618
3619
3622
3626
3629
3637
3638
3639
3640
3643
3646
3647
3648
3649
3653
3659
3661
3662
3664
3665
3667
3669
3670
3671
3672
3673
3674
3675
3680
3681
3682
3683
3684
3687
3688
3689
3690
3692
3695
3697
3698
3699
3702
3703
3705
3707
3709
3710
3712
3713
3714
3716
3718
3720
3721
3725
3726
3727
3728
3729
3732
3734
3735
3736
3739
3741
3743
3744
3746
3747
3748
3750
3751
3753
3761
3763
3766
3770
3773
3774
3777
3781
3783
3784
3785
3790
3796
3797
3799
3801
3802
3803
3804
3805
3810
3816
3817
3819
3820
3823
3826
3828
3829
3835
3836
3841
3843
3844
3846
3847
3848
3850
3851
3852
3855
3860
3865
3867
3869
3870
3871
3872
3873
3876
3877
3878
3879
3884
3885
3886
3892
3897
3900
3904
3905
3912
3913
3914
3917
3919
3920
3924
3925
3927
3930
3934
3935
3937
3938
3939
3942
3943
3944
3953
3954
3955
3956
3959
3962
3963
3964
3965
3967
3968
3970
3971
3978
3979
3983
3986
3987
3989
3991
3993
3994
3996
3999
4000
4001
4003
4006
4007
4008
4009
4012
4018
4022
4026
4030
4031
4032
4033
4034
4035
4036
4038
4039
4040
4041
4043
4045
4046
4047
4048
4049
4050
4051
4052
4056
4058
4060
4062
4063
4065
4069
4070
4073
4074
4076
4077
4078
4080
4081
4082
4083
4084
4087
4093
4094
4104
4105
4108
4110
4120
4121
4126
4130
4131
4132
4133
4135
4136
4137
4138
4139
4140
4141
4143
4145
4146
4147
4152
4153
4154
4155
4156
4157
4161
4163
4168
4169
4170
4171
4172
4173
4176
4177
4179
4187
4189
4191
4192
4193
4194
4195
4196
4197
4203
4205
4206
4208
4209
4210
4224
4225
4229
4233
4235
4236
4237
4241
4242
4243
4244
4245
4247
4253
4254
4256
4257
4258
4260
4262
4265
4267
4268
4270
4274
4278
4280
4281
4283
4284
4286
4288
4290
4294
4295
4296
4297
4298
4301
4303
4305
4310
4311
4317
4318
4322
4324
4330
4332
4340
4341
4344
4346
4349
4350
4352
4363
4366
4367
4369
4381
4383
4384
4389
4391
4394
4396
4397
4398
4400
4402
4405
4406
4407
4413
4416
4418
4419
4421
4423
4425
4428
4429
4435
4438
4439
4440
4444
4447
4456
4461
4466
4467
4468
4469
4470
4471
4473
4480
4481
4482
4483
4490
4491
4494
4495
4499
4502
4506
4507
4511
4513
4514
4517
4518
4520
4522
4529
4534
4535
4537
4539
4545
4546
4550
4552
4555
4563
4567
4569
4570
4571
4572
4574
4576
4577
4578
4581
4583
4585
4586
4590
4592
4595
4596
4597
4598
4600
4604
4607
4612
4613
4616
4617
4624
4626
4627
4630
4631
4639
4641
4642
4643
4645
4649
4650
4653
4654
4657
4659
4661
4663
4664
4666
4667
4668
4673
4675
4676
4677
4680
4681
4685
4686
4688
4689
4696
4697
4702
4705
4706
4707
4708
4710
4711
4712
4713
4714
4715
4716
4717
4726
4727
4733
4734
4735
4741
4742
4744
4746
4751
4752
4753
4755
4756
4757
4758
4759
4761
4762
4768
4769
4770
4773
4774
4779
4782
4783
4784
4785
4788
4791
4793
4794
4799
4808
4809
4810
4811
4813
4816
4818
4821
4822
4823
4827
4831
4832
4835
4837
4839
4840
4842
4847
4849
4850
4853
4857
4859
4862
4863
4867
4869
4870
4871
4872
4875
4877
4879
4884
4886
4887
4888
4890
4891
4893
4894
4895
4897
4898
4903
4904
4906
4907
4908
4910
4912
4913
4917
4919
4920
4921
4923
4924
4926
4929
4931
4932
4933
4938
4941
4942
4943
4945
4946
4949
4955
4961
4963
4965
4966
4967
4969
4973
4974
4978
4981
4990
4991
4995
4997
4998
4999
5001
5004
5008
5010
5015
5020
5021
5022
5024
5027
5031
5032
5037
5038
5039
5043
5044
5045
5047
5048
5050
5052
5053
5054
5058
5062
5064
5071
5076
5077
5079
5084
5085
5087
5092
5093
5094
5095
5096
5099
5101
5102
5105
5111
5113
5122
5123
5129
5131
5132
5137
5141
5146
5147
5158
5159
5161
5162
5164
5165
5166
5168
5171
5172
5173
5177
5180
5181
5182
5183
5184
5187
5188
5190
5191
5192
5197
5199
5201
5203
5205
5207
5208
5211
5214
5218
5219
5224
5226
5227
5229
5230
5231
5232
5233
5234
5235
5236
5237
5238
5239
5241
5245
5246
5247
5248
5249
5252
5253
5254
5255
5256
5258
5259
5260
5261
5263
5264
5265
5266
5267
5268
5274
5275
5278
5281
5282
5284
5285
5286
5288
5289
5290
5294
5297
5301
5305
5306
5307
5308
5309
5310
5312
5313
5314
5316
5317
5321
5322
5323
5324
5325
5326
5327
5328
5331
5332
5333
5335
5337
5338
5341
5344
5345
5346
5347
5348
5349
5350
5351
5353
5354
5356
5359
5360
5361
5362
5363
5366
5368
5369
5370
5371
5372
5373
5375
5376
5377
5378
5379
5381
5382
5384
5385
5387
5388
5390
5392
5393
5394
5395
5397
5399
5401
5403
5405
5406
5408
5410
5411
5413
5414
5417
5418
5420
5425
5430
5431
5432
5433
5434
5435
5437
5440
5441
5446
5448
5449
5450
5451
5453
5456
5457
5458
5459
5460
5462
5466
5468
5469
5472
5474
5475
5476
5478
5479
5480
5481
5482
5483
5484
5485
5491
5492
5494
5496
5498
5499
5501
5502
5503
5504
5505
5507
5509
5510
5511
5512
5513
5514
5516
5517
5518
5519
5520
5521
5522
5523
5527
5528
5529
5531
5532
5535
5537
5538
5539
5540
5542
5543
5544
5545
5546
5547
5551
5552
5553
5555
5556
5558
5559
5564
5569
5570
5571
5574
5575
5577
5578
5579
5581
5583
5584
5585
5586
5587
5589
5590
5592
5593
5594
5596
5597
5598
5600
5602
5604
5608
5609
5610
5612
5613
5616
5617
5618
5621
5626
5627
5628
5629
5630
5631
5632
5633
5634
5635
5636
5637
5638
5639
5640
5642
5645
5647
5648
5650
5651
5653
5654
5656
5658
5659
5662
5663
5664
5665
5667
5668
5669
5670
5671
5673
5675
5677
5678
5680
5682
5683
5684
5686
5687
5689
5691
5692
5693
5695
5696
5698
5699
5700
5701
5702
5703
5705
5706
5707
5708
5709
5710
5713
5714
5716
5717
5718
5719
5720
5722
5723
5724
5727
5730
5731
5732
5734
5737
5740
5741
5743
5744
5745
5750
5751
5752
5755
5756
5758
5760
5762
5763
5767
5768
5773
5774
5775
5780
5781
5782
5784
5785
5787
5788
5789
5793
5794
5796
5797
5798
5799
5800
5801
5802
5803
5806
5809
5812
5814
5818
5821
5822
5823
5825
5826
5828
5830
5834
5836
5839
5840
5841
5842
5845
5846
5847
5853
5855
5857
5858
5861
5862
5863
5864
5865
5867
5868
5869
5870
5872
5875
5877
5879
5880
5883
5884
5886
5887
5888
5891
5892
5893
5895
5897
5899
5900
5901
5904
5905
5906
5907
5910
5912
5915
5916
5918
5922
5928
5929
5930
5931
5932
5934
5936
5937
5938
5939
5942
5944
5946
5947
5948
5950
5951
5952
5956
5957
5960
5963
5965
5966
5967
5968
5969
5970
5971
5972
5973
5975
5982
5983
5984
5985
5986
5988
5989
5990
5991
5992
5994
5995
5998
5999
6006
6007
6010
6011
6014
6017
6018
6022
6023
6025
6026
6029
6033
6034
6035
6038
6039
6042
6043
6045
6046
6047
6049
6050
6052
6055
6056
6057
6058
6060
6061
6068
6069
6072
6073
6074
6075
6076
6077
6079
6085
6086
6089
6091
6092
6093
6097
6099
6102
6103
6104
6105
6106
6107
6108
6109
6111
6113
6115
6117
6118
6120
6122
6124
6126
6130
6131
6135
6137
6139
6140
6144
6145
6149
6150
6151
6152
6154
6155
6158
6160
6162
6163
6164
6166
6168
6169
6170
6172
6175
6176
6177
6178
6179
6180
6181
6184
6187
6188
6190
6191
6195
6198
6199
6201
6203
6204
6205
6209
6213
6214
6218
6219
6220
6221
6223
6224
6225
6226
6227
6228
6229
6230
6231
6232
6237
6238
6240
6242
6244
6248
6251
6252
6253
6254
6255
6256
6257
6258
6259
6260
6261
6263
6265
6266
6269
6270
6272
6273
6274
6275
6276
6278
6280
6281
6282
6283
6284
6285
6289
6290
6292
6293
6295
6297
6298
6299
6301
6302
6303
6308
6309
6311
6315
6317
6318
6319
6320
6322
6326
6327
6328
6330
6333
6337
6339
6346
6349
6352
6355
6357
6358
6362
6364
6365
6367
6370
6371
6372
6373
6374
6375
6377
6380
6383
6387
6388
6389
6390
6391
6396
6397
6398
6399
6400
6404
6405
6407
6409
6410
6412
6413
6414
6415
6417
6420
6421
6422
6424
6425
6427
6428
6429
6430
6431
6433
6434
6438
6439
6441
6445
6446
6455
6456
6457
6458
6459
6460
6461
6462
6464
6466
6467
6468
6469
6470
6472
6475
6476
6477
6479
6480
6483
6484
6485
6486
6488
6489
6493
6494
6495
6497
6498
6499
6500
6501
6504
6505
6508
6512
6514
6516
6517
6518
6519
6520
6526
6527
6528
6530
6531
6532
6533
6537
6538
6540
6541
6542
6544
6545
6546
6547
6548
6550
6552
6553
6556
6557
6560
6562
6563
6565
6566
6567
6568
6569
6572
6573
6574
6576
6577
6578
6579
6581
6582
6583
6586
6588
6589
6591
6592
6593
6594
6595
6597
6599
6600
6602
6603
6605
6606
6607
6608
6609
6610
6611
6613
6615
6617
6619
6620
6621
6622
6623
6624
6625
6628
6630
6631
6632
6634
6636
6637
6639
6640
6642
6643
6645
6646
6647
6648
6650
6651
6652
6655
6656
6657
6658
6659
6661
6662
6663
6664
6665
6666
6667
6668
6671
6672
6674
6675
6676
6677
6679
6680
6681
6682
6683
6684
6685
6687
6689
6691
6692
6693
6695
6698
6699
6703
6704
6705
6706
6709
6710
6711
6712
6713
6715
6717
6718
6719
6720
6722
6725
6726
6728
6729
6730
6731
6732
6735
6736
6737
6741
6743
6744
6746
6748
6749
6750
6752
6754
6755
6756
6758
6760
6761
6763
6764
6766
6768
6769
6770
6773
6775
6777
6778
6780
6782
6783
6784
6786
6787
6788
6789
6791
6792
6793
6794
6795
6797
6799
6801
6802
6805
6807
6808
6810
6811
6814
6817
6818
6820
6821
6822
6823
6825
6826
6827
6829
6830
6834
6835
6838
6839
6840
6842
6843
6844
6847
6849
6851
6852
6854
6855
6856
6858
6859
6860
6861
6862
6865
6866
6867
6868
6869
6872
6873
6874
6875
6876
6877
6879
6880
6881
6883
6884
6885
6888
6889
6890
6892
6894
6895
6896
6898
6899
6900
6901
6902
6903
6904
6906
6907
6908
6909
6912
6913
6914
6918
6919
6920
6921
6922
6923
6924
6925
6926
6927
6929
6931
6933
6934
6935
6936
6937
6938
6939
6940
6942
6943
6945
6946
6947
6948
6950
6951
6953
6954
6957
6958
6959
6960
6962
6963
6968
6970
6971
6972
6973
6975
6979
6983
6984
6986
6988
6989
6990
6993
6994
6995
6996
6999
7001
7002
7003
7004
7005
7008
7009
7011
7012
7013
7015
7016
7022
7023
7024
7025
7026
7028
7030
7037
7038
7039
7042
7044
7046
7049
7051
7052
7053
7055
7059
7060
7063
7066
7068
7072
7073
7075
7077
7083
7084
7087
7088
7089
7090
7091
7095
7098
7099
7100
7101
7104
7105
7107
7110
7111
7113
7114
7117
7118
7120
7121
7122
7123
7124
7126
7130
7132
7134
7135
7137
7142
7146
7148
7154
7158
7159
7162
7163
7166
7168
7172
7173
7176
7177
7180
7182
7183
7186
7190
7191
7195
7197
7199
7200
7201
7202
7203
7205
7206
7209
7210
7213
7215
7218
7219
7223
7225
7226
7227
7228
7232
7233
7234
7235
7237
7239
7240
7241
7242
7243
7245
7248
7250
7251
7252
7254
7257
7258
7261
7263
7264
7265
7266
7267
7268
7271
7273
7274
7275
7276
7277
7278
7280
7281
7282
7284
7285
7287
7288
7290
7291
7292
7294
7295
7296
7297
7300
7301
7302
7303
7304
7305
7306
7307
7309
7310
7311
7313
7317
7318
7320
7321
7326
7327
7328
7330
7332
7334
7335
7338
7339
7340
7345
7347
7348
7349
7350
7351
7352
7354
7358
7360
7363
7365
7367
7368
7369
7371
7372
7374
7375
7376
7377
7378
7380
7382
7384
7387
7388
7389
7391
7392
7393
7394
7395
7396
7398
7399
7403
7404
7405
7406
7407
7410
7411
7412
7413
7414
7416
7417
7420
7423
7425
7426
7427
7429
7430
7431
7434
7435
7436
7437
7439
7441
7443
7444
7445
7446
7451
7452
7453
7454
7455
7461
7462
7463
7464
7465
7466
7469
7472
7474
7476
7477
7478
7479
7480
7481
7482
7483
7484
7487
7489
7490
7494
7495
7496
7499
7501
7503
7508
7509
7510
7511
7512
7515
7517
7520
7524
7525
7528
7529
7530
7531
7532
7533
7534
7535
7538
7539
7541
7542
7543
7545
7546
7549
7550
7552
7553
7554
7555
7557
7558
7559
7560
7562
7563
7564
7566
7569
7570
7571
7572
7573
7574
7580
7581
7583
7586
7589
7590
7592
7593
7594
7595
7596
7599
7600
7603
7606
7607
7608
7610
7613
7615
7617
7618
7620
7624
7625
7629
7631
7632
7634
7635
7636
7637
7639
7640
7641
7643
7644
7646
7650
7651
7654
7657
7658
7659
7660
7662
7665
7666
7667
7671
7672
7673
7674
7675
7676
7677
7679
7683
7686
7690
7691
7692
7693
7696
7699
7703
7705
7707
7711
7713
7714
7718
7720
7721
7722
7723
7724
7726
7730
7731
7735
7736
7739
7740
7742
7743
7744
7745
7746
7748
7750
7753
7757
7758
7759
7761
7764
7765
7766
7769
7770
7774
7775
7777
7778
7783
7787
7788
7789
7790
7791
7794
7795
7796
7797
7798
7799
7800
7804
7805
7806
7807
7808
7809
7811
7813
7814
7820
7821
7822
7823
7824
7825
7826
7828
7831
7833
7835
7836
7838
7839
7841
7842
7843
7845
7847
7849
7853
7854
7858
7860
7861
7862
7863
7865
7867
7869
7870
7871
7878
7882
7883
7884
7890
7892
7895
7896
7897
7901
7902
7905
7906
7908
7909
7911
7912
7913
7916
7920
7923
7927
7929
7931
7933
7937
7938
7941
7944
7946
7947
7951
7952
7953
7954
7955
7956
7962
7964
7965
7969
7970
7971
7974
7979
7981
7982
7984
7987
7988
7990
7991
7992
7993
7995
7996
8006
8007
8008
8010
8012
8014
8015
8016
8019
8020
8021
8022
8023
8026
8028
8030
8033
8034
8036
8037
8042
8043
8044
8046
8049
8051
8052
8055
8060
8061
8062
8063
8067
8068
8070
8073
8077
8079
8081
8083
8084
8085
8086
8089
8090
8091
8094
8095
8096
8098
8101
8102
8103
8105
8108
8109
8110
8111
8116
8118
8119
8120
8122
8126
8127
8129
8130
8131
8132
8133
8134
8136
8137
8139
8140
8143
8145
8146
8149
8151
8154
8155
8159
8160
8166
8173
8174
8175
8176
8178
8184
8185
8187
8188
8195
8197
8198
8199
8200
8201
8209
8213
8214
8215
8217
8219
8220
8226
8227
8228
8229
8232
8233
8234
8237
8240
8241
8242
8243
8249
8250
8253
8256
8260
8261
8263
8267
8270
8272
8273
8275
8276
8277
8280
8282
8287
8289
8290
8296
8299
8300
8302
8305
8307
8308
8311
8312
8313
8317
8319
8320
8321
8324
8327
8330
8331
8332
8337
8338
8341
8342
8345
8346
8347
8348
8350
8351
8354
8355
8358
8362
8365
8366
8367
8370
8373
8375
8376
8377
8378
8385
8394
8396
8397
8400
8402
8403
8404
8411
8412
8413
8414
8416
8419
8423
8424
8425
8427
8428
8434
8438
8440
8444
8448
8451
8453
8454
8459
8462
8463
8464
8465
8467
8469
8473
8474
8475
8477
8478
8479
8482
8485
8491
8492
8493
8494
8498
8499
8500
8503
8504
8506
8507
8508
8512
8515
8518
8524
8526
8528
8530
8532
8533
8535
8536
8538
8544
8545
8546
8547
8551
8555
8558
8559
8560
8561
8565
8566
8567
8570
8573
8575
8576
8578
8581
8582
8583
8585
8586
8587
8589
8591
8592
8595
8596
8597
8598
8600
8601
8605
8606
8607
8610
8612
8615
8618
8619
8621
8627
8628
8630
8631
8632
8633
8634
8635
8637
8638
8639
8640
8641
8643
8644
8645
8648
8649
8650
8654
8655
8656
8657
8659
8660
8661
8662
8663
8664
8665
8666
8670
8671
8672
8673
8674
8676
8677
8679
8683
8686
8688
8689
8690
8691
8693
8694
8696
8697
8699
8700
8702
8704
8706
8708
8709
8710
8712
8714
8715
8717
8718
8719
8720
8721
8723
8727
8728
8729
8730
8731
8732
8733
8736
8740
8746
8750
8751
8753
8755
8756
8758
8759
8761
8762
8763
8766
8768
8769
8770
8772
8774
8775
8776
8778
8779
8785
8787
8790
8791
8792
8793
8797
8799
8802
8803
8804
8809
8810
8811
8812
8816
8819
8820
8821
8822
8826
8827
8828
8831
8832
8833
8835
8836
8837
8840
8841
8842
8845
8846
8847
8849
8850
8853
8854
8855
8856
8857
8858
8859
8862
8863
8864
8866
8867
8869
8870
8871
8875
8876
8881
8882
8883
8884
8885
8887
8889
8890
8892
8893
8895
8897
8899
8900
8901
8902
8904
8906
8907
8908
8909
8910
8913
8914
8915
8916
8918
8919
8920
8923
8925
8928
8929
8932
8933
8935
8936
8938
8939
8940
8942
8944
8947
8949
8951
8952
8955
8956
8958
8960
8961
8964
8966
8967
8970
8971
8973
8974
8976
8977
8978
8979
8981
8982
8983
8984
8987
8989
8990
8993
8995
8996
8997
8999
9000
9004
9005
9006
9007
9008
9009
9010
9011
9012
9014
9015
9016
9017
9018
9020
9021
9022
9024
9025
9026
9027
9028
9029
9030
9032
9033
9035
9036
9037
9038
9039
9040
9041
9042
9043
9044
