1
2
3
5
8
11
12
13
14
15
16
18
19
20
21
22
25
27
29
30
31
32
33
35
36
37
39
41
43
44
46
47
49
50
51
53
54
57
59
60
61
62
67
68
69
70
71
72
74
76
77
79
81
82
83
84
85
86
87
88
89
90
92
93
97
98
100
101
105
106
109
111
113
114
116
117
119
120
121
123
124
126
127
128
133
134
136
137
138
140
141
143
144
147
148
151
152
153
154
155
157
159
161
164
165
169
170
171
172
173
174
175
177
178
180
181
182
183
184
185
186
187
188
189
190
191
192
193
195
196
197
198
199
200
201
203
204
206
207
208
209
211
212
213
214
215
216
217
218
219
220
221
222
223
225
227
228
229
230
232
233
235
236
237
241
242
243
244
248
249
250
251
254
255
256
257
258
261
262
263
265
266
267
268
269
270
271
272
274
278
282
283
284
285
286
287
288
289
290
291
293
294
296
297
300
301
302
303
305
306
308
309
312
313
314
318
320
322
323
324
325
327
328
329
330
331
334
335
337
338
341
342
343
346
347
348
349
350
351
352
353
354
355
359
360
361
362
363
364
365
366
368
369
370
371
372
373
374
378
379
380
381
384
385
386
387
388
390
392
393
394
395
396
398
400
401
402
404
406
409
410
412
413
414
416
417
418
419
420
421
422
424
425
426
427
429
431
434
435
439
440
450
451
455
456
457
459
460
461
463
465
467
468
470
471
472
476
477
478
480
483
487
488
492
493
494
498
501
503
505
506
510
512
513
514
515
516
517
518
519
520
522
524
526
527
528
533
535
539
542
543
544
546
549
550
553
557
559
564
566
570
573
574
575
576
578
579
580
581
582
583
584
586
589
590
591
592
593
594
596
597
599
603
604
606
608
609
610
612
613
614
615
616
622
623
624
625
627
628
632
635
637
638
639
641
642
643
646
647
648
649
651
652
653
654
655
657
659
661
663
664
666
669
670
673
680
681
683
686
689
690
691
694
697
698
699
700
701
703
706
709
710
713
715
719
721
722
723
724
727
728
729
730
731
732
733
734
736
737
739
742
743
746
749
750
752
753
754
756
759
760
762
763
764
765
766
767
769
770
773
774
775
776
778
779
780
783
784
785
786
791
792
798
799
800
803
807
808
809
810
812
813
815
819
820
822
823
824
825
826
827
829
831
833
835
836
837
838
841
842
844
845
846
847
848
849
850
853
854
855
856
859
861
862
865
868
870
871
872
873
874
875
877
882
883
885
887
888
892
893
894
895
897
899
900
902
907
908
909
910
911
912
914
916
917
918
919
920
921
924
926
927
928
929
930
931
932
935
936
938
941
942
945
949
950
952
953
955
957
958
962
963
964
965
968
969
970
972
974
975
976
977
979
980
981
985
986
987
988
989
991
992
993
995
998
1000
1001
1003
1004
1006
1007
1008
1009
1011
1012
1015
1016
1017
1018
1020
1021
1024
1029
1030
1032
1033
1034
1036
1037
1038
1040
1041
1042
1043
1044
1045
1046
1048
1049
1051
1052
1054
1055
1056
1057
1058
1059
1060
1061
1062
1064
1065
1066
1067
1068
1069
1070
1071
1072
1075
1076
1079
1082
1083
1084
1085
1086
1087
1088
1089
1090
1092
1093
1096
1098
1100
1105
1108
1111
1113
1114
1115
1116
1117
1119
1120
1122
1124
1125
1126
1131
1132
1133
1135
1137
1138
1139
1140
1141
1142
1143
1146
1147
1148
1150
1151
1152
1153
1155
1156
1157
1158
1159
1160
1161
1162
1163
1164
1165
1166
1167
1169
1171
1175
1176
1177
1178
1180
1181
1182
1183
1185
1186
1188
1189
1190
1191
1192
1196
1197
1200
1201
1202
1203
1205
1206
1207
1209
1210
1213
1214
1215
1216
1217
1218
1222
1223
1224
1225
1227
1229
1234
1235
1236
1238
1245
1248
1250
1255
1257
1258
1259
1260
1265
1267
1270
1275
1277
1279
1281
1284
1285
1288
1290
1292
1294
1295
1298
1302
1306
1307
1314
1315
1316
1317
1318
1322
1325
1327
1332
1335
1336
1337
1338
1343
1344
1348
1350
1351
1352
1353
1354
1355
1357
1358
1359
1360
1365
1366
1369
1374
1375
1378
1379
1380
1381
1383
1384
1386
1388
1391
1392
1395
1396
1399
1400
1401
1402
1403
1406
1407
1408
1409
1410
1418
1420
1422
1423
1424
1425
1430
1431
1433
1435
1436
1438
1439
1442
1443
1444
1448
1449
1450
1452
1453
1454
1457
1458
1460
1461
1463
1464
1465
1466
1467
1468
1469
1470
1471
1473
1474
1475
1476
1478
1479
1481
1482
1483
1484
1486
1487
1488
1490
1491
1492
1493
1495
1496
1497
1498
1499
1500
1501
1502
1503
1504
1505
1507
1508
1509
1510
1511
1512
1513
1517
1520
1521
1523
1525
1526
1528
1529
1535
1536
1537
1538
1540
1541
1543
1544
1545
1546
1547
1548
1549
1550
1551
1552
1553
1554
1555
1556
1557
1558
1561
1562
1563
1564
1565
1566
1568
1571
1572
1573
1575
1576
1579
1582
1583
1584
1585
1586
1587
1588
1589
1590
1591
1592
1593
1594
1595
1596
1597
1598
1600
1601
1602
1603
1609
1615
1622
1624
1630
1633
1636
1638
1641
1643
1644
1646
1649
1652
1654
1657
1660
1661
1664
1665
1666
1668
1669
1670
1672
1673
1674
1676
1679
1681
1683
1684
1688
1690
1692
1693
1695
1700
1702
1703
1704
1706
1707
1708
1709
1711
1712
1713
1715
1716
1717
1718
1719
1721
1722
1724
1725
1727
1728
1731
1733
1734
1735
1736
1737
1738
1740
1742
1743
1745
1746
1749
1750
1752
1753
1754
1758
1760
1762
1768
1769
1772
1777
1778
1780
1783
1784
1785
1787
1788
1790
1791
1795
1796
1802
1804
1805
1806
1808
1812
1813
1815
1817
1818
1819
1820
1821
1824
1825
1826
1829
1830
1831
1834
1835
1845
1846
1849
1852
1854
1856
1857
1858
1859
1860
1870
1871
1874
1876
1879
1880
1883
1885
1891
1892
1893
1896
1899
1900
1902
1905
1908
1909
1910
1911
1912
1913
1915
1919
1920
1922
1924
1926
1927
1928
1929
1930
1932
1933
1934
1935
1938
1940
1942
1943
1944
1945
1947
1948
1952
1954
1956
1958
1959
1961
1962
1963
1964
1967
1969
1971
1973
1974
1977
1978
1980
1986
1991
1993
1998
2002
2004
2005
2006
2008
2013
2014
2015
2018
2019
2020
2022
2023
2029
2031
2033
2037
2038
2041
2044
2046
2047
2054
2059
2062
2063
2064
2066
2068
2072
2079
2080
2083
2086
2087
2090
2091
2093
2096
2103
2105
2106
2107
2109
2112
2114
2115
2117
2118
2124
2125
2126
2128
2131
2137
2139
2141
2142
2149
2151
2152
2154
2159
2160
2161
2162
2166
2168
2172
2173
2175
2180
2181
2182
2183
2185
2187
2190
2195
2200
2201
2202
2203
2204
2205
2207
2208
2209
2210
2211
2212
2213
2214
2216
2217
2218
2220
2221
2222
2223
2224
2225
2226
2227
2229
2230
2232
2233
2234
2235
2237
2238
2239
2240
2241
2242
2244
2245
2246
2248
2249
2250
2252
2254
2255
2256
2258
2259
2266
2267
2268
2270
2272
2273
2275
2276
2277
2278
2280
2281
2283
2284
2285
2286
2287
2288
2290
2291
2292
2293
2295
2296
2297
2298
2301
2302
2303
2304
2306
2307
2308
2309
2310
2312
2313
2315
2316
2317
2319
2320
2321
2322
2324
2326
2330
2331
2332
2333
2334
2336
2337
2338
2339
2340
2341
2343
2344
2350
2351
2352
2354
2355
2356
2359
2362
2363
2364
2366
2368
2374
2378
2379
2380
2382
2383
2385
2388
2389
2390
2391
2392
2393
2394
2395
2396
2397
2398
2400
2401
2404
2405
2406
2407
2408
2409
2410
2411
2412
2413
2414
2415
2416
2417
2418
2419
2420
2421
2422
2424
2427
2428
2429
2430
2431
2432
2433
2434
2435
2437
2439
2440
2442
2443
2446
2447
2448
2449
2450
2451
2452
2453
2454
2455
2456
2460
2462
2463
2464
2465
2466
2467
2468
2469
2470
2472
2473
2476
2477
2478
2479
2481
2482
2483
2484
2487
2488
2489
2490
2492
2493
2495
2496
2497
2499
2500
2501
2502
2504
2505
2506
2507
2508
2510
2511
2512
2513
2514
2515
2516
2517
2518
2520
2521
2522
2524
2527
2528
2529
2531
2532
2533
2534
2536
2538
2541
2542
2544
2545
2547
2549
2550
2551
2552
2554
2555
2556
2558
2559
2560
2561
2562
2563
2564
2565
2567
2568
2569
2570
2572
2573
2575
2579
2580
2581
2582
2583
2584
2586
2587
2588
2589
2594
2595
2596
2597
2603
2605
2606
2608
2609
2613
2614
2619
2621
2624
2625
2635
2640
2645
2646
2648
2652
2656
2657
2659
2662
2665
2667
2671
2678
2680
2684
2685
2686
2687
2688
2689
2692
2695
2704
2710
2713
2719
2722
2725
2727
2731
2733
2735
2740
2743
2747
2748
2749
2750
2751
2754
2757
2760
2762
2763
2765
2767
2768
2781
2782
2788
2790
2792
2799
2800
2803
2805
2807
2816
2819
2820
2823
2824
2827
2828
2829
2832
2833
2835
2836
2837
2840
2841
2845
2847
2852
2855
2857
2859
2861
2864
2865
2866
2868
2871
2872
2873
2874
2877
2879
2884
2896
2899
2901
2902
2903
2904
2905
2907
2910
2911
2912
2913
2916
2917
2918
2919
2920
2924
2925
2926
2927
2930
2934
2936
2937
2944
2946
2947
2948
2952
2955
2956
2958
2959
2962
2965
2966
2970
2972
2973
2975
2979
2983
2985
2988
2990
2994
2997
3000
3002
3003
3004
3006
3007
3008
3009
3012
3013
3014
3015
3017
3019
3020
3022
3026
3027
3032
3035
3037
3039
3040
3041
3043
3044
3049
3050
3051
3052
3053
3054
3055
3056
3057
3058
3062
3065
3069
3070
3074
3076
3077
3078
3081
3083
3085
3086
3088
3089
3093
3096
3097
3098
3099
3100
3104
3108
3110
3111
3112
3113
3114
3115
3118
3120
3122
3123
3126
3128
3129
3131
3132
3133
3134
3135
3136
3140
3142
3143
3144
3146
3147
3149
3150
3151
3152
3154
3155
3156
3158
3159
3161
3163
3170
3172
3174
3176
3177
3181
3183
3186
3188
3189
3190
3191
3192
3194
3195
3196
3197
3198
3199
3201
3202
3203
3204
3206
3213
3215
3217
3219
3220
3224
3232
3233
3234
3235
3236
3238
3240
3244
3245
3246
3248
3254
3255
3261
3262
3267
3268
3271
3274
3276
3282
3286
3288
3289
3297
3302
3303
3304
3305
3308
3310
3317
3324
3325
3326
3328
3332
3335
3337
3340
3343
3346
3347
3349
3351
3352
3355
3357
3359
3360
3362
3363
3364
3370
3372
3376
3379
3382
3385
3389
3393
3397
3399
3401
3403
3405
3406
3408
3411
3413
3416
3417
3418
3419
3420
3421
3422
3423
3425
3428
3429
3430
3431
3432
3433
3434
3435
3436
3437
3438
3439
3441
3442
3443
3444
3445
3446
3448
3449
3452
3453
3454
3455
3456
3457
3460
3464
3469
3470
3471
3472
3473
3475
3477
3478
3479
3480
3483
3484
3485
3488
3490
3492
3494
3496
3497
3498
3499
3500
3501
3503
3504
3506
3507
3508
3509
3510
3511
3513
3515
3516
3519
3520
3521
3522
3523
3524
3526
3527
3531
3535
3536
3537
3538
3540
3541
3545
3547
3548
3549
3550
3552
3553
3555
3557
3560
3565
3566
3568
3570
3572
3573
3576
3579
3580
3581
3582
3583
3584
3585
3586
3587
3590
3592
3593
3594
3595
3599
3600
3601
3602
3603
3604
3608
3609
3610
3612
3614
3617
3618
3619
3622
3623
3626
3627
3628
3629
3633
3635
3636
3637
3638
3639
3640
3642
3643
3647
3648
3650
3651
3657
3658
3659
3660
3661
3662
3663
3667
3668
3669
3671
3672
3673
3674
3677
3680
3684
3686
3687
3688
3689
3691
3692
3697
3698
3699
3701
3703
3708
3709
3710
3712
3713
3714
3716
3718
3719
3721
3723
3725
3726
3727
3729
3732
3734
3736
3738
3739
3741
3744
3746
3748
3749
3750
3751
3753
3756
3759
3761
3762
3766
3770
3771
3773
3775
3777
3782
3783
3784
3785
3790
3793
3794
3796
3797
3799
3800
3801
3802
3803
3804
3805
3807
3809
3810
3813
3819
3828
3829
3832
3835
3843
3846
3847
3848
3850
3851
3852
3853
3855
3856
3860
3862
3867
3869
3870
3871
3872
3873
3878
3879
3880
3884
3885
3886
3890
3891
3892
3897
3898
3900
3902
3903
3904
3911
3917
3920
3923
3924
3925
3927
3934
3936
3938
3940
3943
3946
3948
3949
3950
3951
3953
3955
3962
3963
3964
3965
3966
3970
3973
3976
3979
3983
3984
3986
3991
3994
3996
3999
4000
4001
4002
4003
4004
4007
4010
4011
4012
4013
4018
4019
4021
4022
4024
4025
4028
4030
4031
4032
4033
4034
4035
4036
4038
4040
4043
4046
4047
4048
4049
4050
4051
4052
4054
4055
4057
4058
4059
4060
4061
4063
4064
4065
4066
4067
4068
4069
4070
4071
4072
4073
4074
4076
4077
4078
4079
4080
4082
4083
4084
4088
4090
4094
4098
4099
4101
4103
4104
4106
4108
4109
4112
4115
4118
4119
4120
4122
4123
4125
4126
4127
4129
4130
4131
4132
4133
4136
4137
4138
4140
4144
4145
4146
4147
4148
4149
4153
4154
4156
4163
4168
4171
4172
4180
4181
4184
4189
4191
4192
4193
4194
4195
4196
4197
4198
4200
4202
4203
4205
4208
4209
4210
4220
4223
4224
4225
4229
4233
4235
4237
4242
4243
4244
4247
4256
4257
4258
4260
4267
4268
4269
4270
4274
4276
4281
4284
4286
4295
4296
4297
4298
4301
4310
4311
4312
4316
4318
4324
4332
4336
4340
4341
4344
4346
4348
4349
4350
4353
4360
4362
4363
4366
4367
4369
4373
4374
4376
4377
4383
4384
4389
4390
4396
4397
4398
4400
4404
4405
4406
4407
4416
4418
4420
4421
4423
4425
4428
4429
4432
4438
4439
4444
4446
4448
4452
4453
4456
4458
4459
4461
4462
4464
4466
4467
4468
4469
4470
4471
4473
4474
4478
4480
4481
4482
4483
4488
4491
4494
4495
4496
4499
4505
4507
4508
4510
4511
4513
4514
4517
4518
4520
4522
4527
4528
4529
4534
4535
4539
4542
4552
4555
4559
4570
4571
4572
4576
4577
4578
4581
4582
4583
4586
4592
4595
4596
4597
4598
4599
4602
4607
4608
4612
4615
4616
4617
4624
4625
4626
4628
4629
4630
4631
4639
4640
4641
4642
4643
4645
4652
4653
4654
4655
4657
4659
4661
4664
4666
4668
4670
4671
4677
4678
4680
4681
4685
4686
4688
4691
4692
4693
4696
4698
4702
4707
4708
4709
4710
4713
4714
4716
4727
4729
4732
4734
4735
4741
4744
4756
4757
4758
4759
4761
4762
4763
4764
4768
4770
4772
4773
4778
4779
4782
4783
4785
4791
4793
4795
4799
4802
4803
4804
4807
4808
4809
4810
4813
4814
4815
4816
4818
4819
4820
4821
4822
4823
4827
4828
4829
4830
4832
4835
4839
4840
4842
4844
4846
4849
4851
4853
4857
4859
4860
4862
4863
4868
4870
4871
4872
4875
4877
4879
4880
4882
4884
4885
4886
4887
4890
4891
4893
4894
4895
4897
4898
4899
4901
4903
4907
4908
4910
4913
4920
4921
4923
4924
4925
4926
4929
4930
4931
4932
4933
4937
4939
4942
4943
4944
4945
4946
4947
4949
4955
4957
4959
4962
4965
4966
4967
4969
4971
4978
4981
4982
4986
4987
4990
4991
4994
4995
4997
4998
4999
5004
5005
5008
5010
5012
5014
5017
5021
5022
5024
5027
5028
5031
5032
5036
5037
5040
5043
5044
5045
5047
5049
5052
5055
5056
5058
5064
5066
5067
5068
5071
5073
5077
5078
5084
5085
5087
5092
5093
5094
5095
5096
5098
5099
5101
5102
5105
5106
5109
5113
5116
5122
5124
5129
5130
5131
5132
5134
5135
5141
5145
5146
5147
5148
5155
5158
5161
5162
5163
5165
5166
5169
5171
5172
5173
5175
5176
5177
5181
5182
5183
5184
5187
5188
5190
5191
5192
5199
5201
5202
5203
5205
5210
5211
5212
5221
5223
5227
5229
5231
5232
5233
5234
5236
5241
5245
5247
5248
5249
5252
5253
5255
5256
5258
5261
5263
5264
5266
5267
5268
5271
5274
5275
5278
5281
5284
5285
5286
5289
5290
5293
5294
5295
5296
5297
5298
5300
5301
5305
5307
5308
5310
5311
5312
5313
5316
5317
5318
5319
5321
5322
5323
5324
5325
5327
5328
5331
5333
5335
5337
5338
5340
5341
5344
5345
5346
5347
5348
5350
5351
5352
5354
5356
5357
5358
5359
5362
5363
5364
5365
5366
5368
5369
5370
5372
5375
5376
5377
5378
5379
5381
5382
5385
5386
5387
5389
5390
5393
5394
5395
5398
5399
5400
5401
5402
5403
5404
5406
5407
5408
5410
5411
5413
5414
5416
5417
5418
5419
5422
5423
5424
5425
5427
5428
5429
5432
5435
5436
5437
5439
5441
5442
5443
5444
5446
5447
5448
5449
5453
5454
5456
5457
5458
5459
5462
5467
5468
5471
5472
5473
5474
5475
5477
5478
5480
5481
5482
5483
5484
5485
5486
5488
5490
5493
5494
5496
5497
5498
5499
5501
5502
5503
5504
5505
5507
5508
5509
5510
5511
5512
5515
5516
5518
5519
5520
5522
5523
5524
5525
5526
5527
5528
5529
5530
5531
5532
5533
5534
5535
5536
5537
5538
5541
5543
5544
5545
5546
5547
5548
5549
5550
5551
5552
5554
5555
5556
5558
5561
5562
5563
5568
5571
5577
5578
5579
5581
5584
5585
5586
5587
5588
5589
5590
5591
5592
5593
5597
5599
5600
5602
5604
5610
5613
5614
5616
5618
5620
5621
5622
5625
5626
5627
5628
5629
5630
5631
5632
5633
5635
5636
5638
5640
5644
5645
5647
5648
5650
5651
5655
5656
5658
5659
5662
5663
5665
5666
5667
5668
5669
5670
5671
5672
5673
5674
5675
5676
5678
5682
5683
5685
5688
5690
5691
5692
5693
5694
5695
5696
5697
5698
5699
5700
5701
5706
5707
5708
5710
5711
5714
5716
5717
5718
5720
5721
5722
5723
5724
5726
5727
5728
5729
5731
5732
5733
5734
5735
5737
5740
5743
5744
5745
5746
5748
5749
5750
5751
5752
5754
5755
5756
5757
5758
5760
5762
5763
5764
5766
5767
5768
5770
5772
5773
5774
5778
5780
5781
5784
5785
5786
5787
5788
5792
5793
5794
5796
5799
5800
5801
5804
5807
5812
5814
5818
5819
5820
5821
5822
5823
5825
5826
5828
5829
5831
5833
5836
5839
5840
5841
5843
5845
5846
5847
5849
5851
5852
5853
5854
5855
5856
5858
5861
5862
5865
5867
5869
5870
5875
5877
5882
5883
5884
5886
5887
5888
5889
5892
5893
5895
5896
5899
5901
5902
5904
5905
5906
5907
5910
5913
5914
5918
5920
5922
5925
5929
5930
5931
5934
5936
5937
5938
5940
5943
5944
5946
5947
5948
5949
5951
5952
5953
5956
5957
5958
5960
5961
5963
5964
5965
5967
5969
5971
5972
5974
5975
5978
5980
5982
5983
5984
5985
5986
5989
5990
5992
5993
5995
5996
5997
5998
5999
6000
6002
6004
6006
6011
6012
6013
6014
6015
6016
6017
6018
6019
6020
6021
6022
6023
6024
6025
6028
6033
6034
6035
6038
6040
6042
6043
6044
6045
6046
6047
6050
6051
6052
6055
6057
6058
6060
6061
6068
6069
6072
6074
6075
6077
6079
6080
6082
6085
6086
6090
6091
6092
6093
6096
6097
6098
6099
6100
6103
6105
6106
6107
6108
6109
6112
6113
6114
6117
6118
6119
6120
6121
6122
6123
6126
6130
6131
6132
6134
6135
6137
6139
6140
6141
6143
6144
6145
6146
6147
6149
6150
6152
6153
6155
6158
6159
6160
6162
6163
6164
6165
6166
6167
6168
6170
6171
6172
6173
6174
6175
6176
6179
6180
6181
6183
6184
6185
6189
6190
6194
6195
6197
6198
6199
6200
6201
6203
6204
6207
6209
6210
6211
6212
6215
6216
6217
6222
6223
6224
6226
6227
6230
6232
6237
6240
6241
6244
6246
6249
6250
6251
6252
6253
6254
6255
6256
6259
6263
6264
6265
6269
6270
6272
6274
6276
6278
6279
6280
6281
6282
6284
6285
6288
6289
6290
6292
6295
6296
6299
6301
6304
6306
6312
6313
6314
6315
6316
6317
6318
6320
6322
6323
6324
6325
6327
6328
6330
6331
6332
6333
6334
6337
6339
6340
6341
6345
6347
6352
6354
6355
6356
6357
6358
6359
6360
6361
6362
6364
6365
6367
6369
6370
6371
6372
6373
6374
6375
6377
6382
6385
6386
6388
6390
6391
6393
6394
6395
6397
6398
6400
6401
6404
6405
6406
6413
6414
6415
6417
6419
6422
6424
6425
6426
6427
6428
6429
6430
6431
6434
6435
6438
6439
6441
6442
6443
6444
6445
6446
6447
6453
6455
6457
6458
6459
6462
6463
6464
6466
6467
6468
6471
6472
6473
6474
6477
6478
6480
6483
6485
6486
6488
6489
6492
6494
6498
6499
6500
6501
6502
6507
6509
6510
6511
6514
6515
6516
6517
6518
6519
6520
6525
6528
6529
6531
6532
6533
6534
6535
6537
6538
6541
6544
6546
6548
6549
6552
6553
6554
6557
6558
6559
6560
6561
6562
6564
6565
6566
6567
6569
6570
6571
6574
6575
6576
6577
6578
6579
6580
6581
6582
6583
6584
6585
6587
6589
6593
6594
6596
6597
6599
6600
6602
6603
6607
6608
6609
6610
6611
6612
6613
6614
6615
6616
6617
6618
6619
6620
6621
6623
6624
6625
6626
6629
6631
6632
6633
6635
6638
6641
6643
6644
6646
6647
6649
6650
6651
6653
6654
6655
6658
6659
6660
6663
6665
6666
6667
6668
6669
6670
6672
6673
6678
6679
6680
6681
6682
6683
6684
6685
6687
6688
6689
6690
6691
6693
6697
6698
6699
6700
6701
6702
6703
6704
6705
6706
6707
6709
6712
6713
6714
6715
6716
6717
6718
6719
6720
6721
6722
6723
6724
6725
6726
6727
6728
6730
6734
6736
6739
6740
6742
6744
6745
6747
6749
6752
6754
6755
6756
6757
6758
6759
6761
6762
6763
6766
6767
6769
6770
6771
6772
6773
6775
6776
6777
6779
6780
6782
6784
6785
6786
6788
6789
6790
6791
6792
6793
6794
6796
6798
6799
6800
6802
6804
6805
6806
6809
6810
6811
6812
6814
6817
6818
6821
6825
6826
6827
6828
6830
6832
6833
6835
6838
6841
6842
6843
6846
6847
6849
6850
6851
6852
6854
6862
6865
6866
6867
6868
6870
6871
6872
6874
6876
6877
6878
6879
6881
6882
6883
6884
6885
6887
6888
6889
6891
6894
6895
6897
6898
6899
6901
6902
6904
6905
6907
6912
6913
6915
6916
6917
6918
6919
6921
6922
6923
6926
6927
6928
6930
6931
6932
6933
6934
6935
6936
6937
6941
6942
6943
6944
6945
6947
6948
6949
6950
6951
6954
6958
6959
6960
6962
6963
6967
6968
6969
6971
6973
6974
6975
6979
6980
6982
6984
6986
6989
6992
6993
6996
6999
7003
7005
7008
7009
7010
7011
7013
7015
7019
7020
7022
7023
7025
7026
7030
7035
7037
7038
7041
7042
7043
7044
7047
7051
7052
7053
7060
7063
7067
7068
7070
7072
7073
7076
7081
7083
7084
7087
7088
7089
7090
7091
7093
7094
7096
7097
7098
7099
7100
7104
7105
7109
7110
7111
7112
7113
7114
7116
7117
7118
7119
7122
7124
7126
7134
7135
7136
7137
7138
7140
7141
7142
7143
7144
7151
7154
7157
7159
7160
7161
7163
7164
7165
7166
7167
7168
7172
7173
7176
7177
7178
7181
7182
7183
7186
7188
7189
7193
7194
7196
7197
7198
7199
7201
7202
7203
7204
7205
7206
7207
7209
7210
7211
7212
7213
7214
7215
7216
7218
7223
7224
7226
7228
7230
7231
7234
7236
7237
7239
7240
7241
7243
7245
7247
7248
7250
7251
7252
7253
7254
7255
7256
7258
7259
7261
7264
7265
7266
7267
7268
7270
7271
7272
7273
7274
7277
7279
7280
7281
7285
7287
7288
7289
7290
7293
7296
7297
7298
7300
7302
7303
7304
7305
7306
7307
7310
7311
7312
7313
7316
7317
7318
7320
7321
7322
7334
7336
7339
7340
7342
7343
7344
7345
7347
7349
7350
7351
7352
7354
7355
7356
7358
7360
7361
7363
7365
7367
7371
7372
7373
7374
7375
7376
7378
7382
7383
7385
7387
7388
7389
7391
7392
7393
7395
7397
7398
7399
7401
7402
7405
7406
7407
7410
7412
7413
7414
7416
7417
7419
7420
7422
7423
7424
7425
7426
7427
7429
7430
7431
7434
7435
7436
7437
7439
7440
7441
7442
7445
7446
7449
7452
7453
7454
7455
7458
7459
7460
7462
7463
7465
7466
7467
7469
7470
7471
7473
7475
7476
7477
7479
7480
7481
7482
7483
7486
7487
7489
7490
7492
7493
7494
7495
7497
7499
7500
7501
7503
7504
7509
7510
7511
7512
7516
7517
7519
7522
7523
7525
7526
7527
7529
7530
7532
7533
7535
7536
7538
7540
7541
7543
7545
7546
7549
7550
7551
7555
7558
7559
7562
7563
7564
7567
7569
7570
7571
7572
7573
7574
7578
7579
7580
7583
7586
7590
7595
7599
7602
7606
7607
7608
7609
7610
7611
7613
7614
7615
7617
7618
7620
7622
7624
7625
7629
7630
7631
7636
7638
7639
7640
7641
7644
7649
7653
7654
7657
7658
7660
7662
7663
7664
7665
7666
7668
7670
7671
7672
7673
7674
7675
7677
7678
7680
7683
7686
7690
7692
7693
7696
7697
7699
7702
7703
7706
7707
7711
7714
7715
7717
7718
7720
7722
7723
7724
7728
7730
7731
7734
7735
7737
7738
7739
7740
7743
7746
7750
7753
7755
7756
7757
7759
7761
7764
7765
7766
7769
7770
7775
7777
7778
7783
7784
7786
7787
7788
7790
7791
7793
7794
7796
7797
7798
7805
7806
7807
7809
7811
7813
7814
7815
7817
7819
7820
7821
7822
7823
7824
7827
7828
7832
7833
7835
7836
7838
7839
7842
7843
7845
7847
7849
7850
7853
7854
7858
7861
7865
7867
7868
7869
7870
7871
7872
7874
7875
7880
7882
7883
7884
7886
7889
7894
7895
7896
7899
7902
7904
7905
7906
7908
7909
7911
7914
7916
7920
7923
7926
7927
7929
7931
7933
7939
7941
7944
7945
7946
7947
7950
7951
7952
7954
7959
7960
7961
7962
7965
7971
7975
7976
7977
7982
7983
7984
7986
7989
7991
7993
7995
7996
8000
8002
8006
8007
8008
8009
8010
8011
8012
8014
8015
8017
8018
8021
8023
8025
8026
8027
8028
8030
8031
8032
8034
8036
8037
8038
8039
8042
8043
8044
8045
8046
8048
8049
8050
8051
8053
8055
8059
8061
8063
8066
8075
8077
8078
8079
8081
8082
8083
8084
8085
8088
8089
8090
8091
8092
8093
8095
8096
8097
8099
8102
8103
8106
8107
8108
8109
8111
8116
8121
8122
8126
8128
8130
8131
8132
8134
8135
8137
8138
8139
8140
8143
8145
8147
8148
8149
8155
8159
8162
8170
8173
8175
8178
8181
8183
8185
8188
8190
8197
8199
8200
8205
8207
8209
8211
8212
8213
8215
8219
8221
8224
8226
8228
8229
8230
8231
8233
8234
8236
8238
8240
8241
8243
8244
8246
8248
8250
8252
8255
8256
8257
8258
8259
8261
8262
8263
8267
8268
8272
8273
8275
8276
8277
8279
8280
8283
8284
8286
8287
8289
8290
8294
8296
8297
8299
8302
8305
8306
8309
8311
8313
8314
8317
8319
8320
8321
8322
8323
8324
8326
8327
8328
8329
8330
8331
8332
8335
8337
8342
8344
8345
8346
8350
8351
8352
8353
8354
8356
8357
8362
8363
8364
8366
8367
8368
8370
8372
8373
8374
8375
8380
8384
8385
8391
8394
8396
8397
8399
8402
8403
8404
8407
8410
8411
8413
8414
8415
8416
8422
8423
8424
8425
8427
8428
8429
8434
8435
8436
8437
8438
8440
8441
8448
8451
8454
8458
8460
8461
8462
8463
8464
8467
8468
8471
8473
8477
8479
8480
8481
8485
8488
8489
8491
8493
8494
8498
8499
8500
8501
8503
8506
8508
8512
8513
8515
8521
8530
8535
8538
8539
8540
8542
8544
8545
8547
8549
8554
8556
8558
8559
8560
8561
8562
8563
8567
8568
8569
8575
8578
8579
8580
8581
8582
8585
8586
8587
8589
8591
8594
8595
8598
8599
8600
8601
8603
8605
8606
8607
8610
8615
8619
8621
8622
8625
8628
8629
8630
8632
8634
8640
8641
8643
8644
8646
8648
8649
8650
8654
8655
8656
8657
8658
8660
8661
8663
8666
8670
8672
8673
8674
8675
8677
8681
8682
8684
8685
8688
8689
8691
8692
8693
8696
8697
8700
8703
8704
8706
8708
8709
8710
8714
8716
8717
8718
8719
8721
8722
8725
8726
8727
8729
8730
8731
8732
8733
8734
8736
8740
8742
8744
8745
8746
8747
8748
8749
8753
8755
8756
8758
8759
8761
8762
8763
8764
8765
8766
8770
8771
8772
8773
8774
8775
8776
8778
8779
8780
8784
8785
8787
8788
8792
8793
8797
8798
8800
8801
8802
8804
8806
8807
8808
8809
8811
8816
8818
8819
8820
8823
8824
8827
8828
8830
8831
8832
8834
8842
8843
8844
8845
8847
8849
8850
8853
8855
8856
8858
8860
8862
8863
8864
8865
8866
8867
8868
8869
8871
8872
8874
8876
8877
8879
8882
8883
8884
8886
8887
8888
8889
8890
8891
8892
8893
8895
8896
8897
8899
8900
8901
8902
8903
8904
8905
8907
8908
8910
8912
8914
8915
8916
8917
8918
8919
8920
8921
8923
8924
8927
8928
8929
8930
8931
8935
8936
8940
8941
8942
8943
8944
8945
8947
8948
8949
8950
8951
8952
8955
8956
8958
8959
8960
8961
8962
8963
8964
8965
8966
8967
8968
8970
8971
8973
8976
8977
8978
8981
8983
8984
8987
8991
8994
8995
8996
8997
8998
8999
9000
9002
9006
9008
9009
9010
9011
9012
9014
9015
9016
9017
9018
9020
9021
9023
9024
9025
9026
9027
9031
9032
9034
9037
9038
9041
9043
9044
9046
9047
