66
131
150
179
403
408
411
423
432
433
436
437
438
441
443
444
445
446
447
448
449
452
458
462
469
473
475
485
486
489
490
495
497
500
502
504
507
508
509
511
523
529
531
536
537
540
545
547
551
556
560
561
562
563
567
568
572
577
587
588
595
598
600
602
617
618
626
630
631
640
650
656
667
675
677
678
687
688
693
702
708
718
720
725
738
740
741
744
751
755
758
761
781
782
788
793
801
816
817
828
834
839
843
851
857
864
876
880
896
905
913
943
947
960
997
1005
1014
1031
1094
1097
1099
1102
1104
1106
1112
1149
1174
1184
1187
1204
1208
1219
1231
1232
1239
1240
1241
1242
1247
1251
1262
1269
1273
1274
1276
1280
1282
1289
1293
1297
1304
1308
1312
1323
1340
1341
1342
1345
1347
1361
1362
1364
1367
1376
1377
1385
1387
1389
1398
1414
1428
1429
1432
1506
1518
1530
1542
1567
1604
1606
1607
1611
1614
1616
1617
1618
1619
1620
1621
1623
1627
1631
1632
1635
1637
1639
1640
1642
1645
1647
1648
1650
1653
1655
1656
1658
1659
1662
1667
1671
1678
1682
1685
1687
1689
1691
1694
1696
1698
1699
1720
1723
1726
1730
1739
1747
1751
1756
1763
1765
1767
1770
1773
1775
1776
1779
1789
1794
1797
1799
1800
1801
1807
1809
1810
1811
1816
1822
1823
1827
1828
1832
1833
1836
1837
1838
1839
1840
1841
1842
1843
1850
1853
1861
1862
1863
1864
1866
1867
1872
1873
1875
1877
1878
1884
1886
1889
1894
1895
1898
1901
1903
1904
1917
1923
1937
1941
1946
1949
1953
1960
1965
1966
1968
1970
1972
1975
1976
1981
1988
1989
1996
1997
2000
2001
2009
2010
2016
2024
2025
2026
2027
2028
2030
2032
2034
2035
2036
2040
2042
2045
2049
2050
2051
2053
2055
2056
2057
2058
2060
2061
2065
2069
2070
2073
2074
2075
2076
2077
2081
2084
2085
2088
2089
2092
2094
2095
2097
2098
2099
2100
2101
2102
2110
2111
2113
2116
2119
2120
2121
2127
2129
2130
2132
2133
2134
2135
2136
2138
2140
2143
2144
2145
2147
2148
2150
2153
2155
2156
2158
2163
2164
2165
2167
2169
2170
2171
2174
2176
2178
2179
2184
2186
2188
2189
2191
2193
2196
2197
2198
2206
2228
2247
2263
2279
2323
2329
2345
2357
2361
2371
2387
2399
2457
2458
2577
2600
2601
2602
2604
2610
2611
2612
2615
2616
2617
2620
2622
2626
2627
2628
2629
2630
2631
2633
2634
2636
2637
2638
2639
2641
2642
2643
2644
2647
2649
2650
2651
2653
2654
2658
2660
2661
2663
2664
2668
2669
2670
2672
2673
2675
2676
2677
2681
2682
2683
2690
2693
2694
2696
2697
2698
2700
2702
2703
2705
2706
2707
2708
2709
2711
2712
2715
2716
2720
2723
2724
2726
2728
2729
2730
2736
2737
2738
2739
2741
2742
2744
2745
2746
2752
2756
2764
2769
2771
2772
2775
2776
2778
2779
2780
2783
2784
2785
2786
2787
2789
2793
2794
2796
2798
2801
2802
2806
2808
2810
2811
2812
2813
2814
2815
2818
2821
2825
2830
2831
2834
2838
2839
2842
2844
2848
2849
2850
2851
2853
2854
2856
2858
2862
2863
2867
2869
2870
2875
2882
2885
2886
2887
2888
2890
2891
2893
2895
2897
2908
2909
2915
2921
2922
2928
2931
2933
2938
2940
2942
2943
2945
2949
2951
2960
2964
2967
2969
2971
2974
2976
2977
2980
2981
2989
2991
2992
2995
2996
2998
2999
3005
3010
3011
3016
3021
3023
3025
3029
3031
3047
3063
3064
3067
3068
3072
3075
3084
3090
3103
3106
3107
3116
3121
3138
3139
3141
3148
3153
3160
3162
3165
3168
3171
3175
3180
3187
3205
3207
3208
3209
3210
3211
3212
3214
3216
3218
3221
3222
3223
3225
3226
3227
3228
3229
3231
3237
3239
3241
3242
3243
3247
3249
3250
3251
3252
3253
3256
3257
3258
3260
3264
3265
3266
3270
3272
3273
3275
3277
3278
3279
3280
3281
3283
3284
3285
3292
3293
3295
3296
3298
3300
3301
3306
3309
3311
3312
3314
3315
3316
3318
3319
3320
3322
3327
3330
3336
3338
3339
3344
3345
3350
3353
3356
3358
3361
3365
3366
3367
3369
3373
3374
3375
3377
3381
3383
3384
3386
3387
3388
3390
3391
3392
3394
3395
3398
3502
3551
3554
3558
3559
3561
3563
3564
3567
3571
3577
3578
3588
3589
3591
3597
3598
3605
3607
3616
3620
3621
3625
3630
3631
3634
3641
3644
3645
3652
3654
3655
3656
3666
3676
3685
3693
3696
3700
3715
3724
3730
3733
3737
3740
3752
3754
3755
3757
3758
3760
3765
3767
3768
3769
3778
3779
3780
3786
3787
3788
3789
3792
3795
3798
3806
3808
3811
3812
3814
3815
3818
3821
3822
3824
3825
3827
3830
3831
3833
3834
3838
3839
3840
3842
3845
3849
3854
3857
3858
3859
3861
3863
3864
3866
3868
3874
3875
3881
3882
3883
3887
3888
3889
3893
3894
3896
3899
3901
3906
3907
3908
3909
3910
3915
3916
3918
3921
3922
3926
3928
3929
3931
3932
3933
3941
3945
3952
3957
3958
3961
3969
3972
3975
3977
3980
3981
3982
3985
3988
3990
3992
3997
4005
4014
4015
4020
4023
4027
4029
4037
4042
4044
4053
4075
4085
4086
4089
4097
4100
4111
4114
4116
4117
4124
4128
4134
4142
4158
4159
4160
4162
4164
4165
4166
4167
4174
4175
4182
4183
4185
4186
4188
4190
4201
4204
4207
4211
4212
4213
4214
4216
4217
4218
4219
4222
4226
4228
4230
4231
4232
4234
4238
4239
4240
4246
4248
4249
4250
4251
4252
4259
4261
4263
4264
4266
4272
4273
4277
4279
4282
4285
4289
4292
4293
4299
4302
4306
4307
4308
4309
4313
4314
4315
4319
4320
4321
4323
4325
4326
4327
4328
4333
4334
4337
4338
4339
4342
4343
4345
4347
4351
4354
4355
4356
4357
4358
4359
4361
4364
4365
4368
4370
4372
4375
4378
4380
4382
4385
4386
4387
4388
4392
4393
4395
4399
4401
4403
4408
4409
4411
4412
4414
4415
4417
4422
4424
4426
4427
4430
4431
4434
4436
4437
4441
4442
4443
4445
4449
4451
4454
4455
4457
4465
4472
4475
4476
4477
4479
4484
4486
4493
4498
4500
4501
4503
4504
4509
4512
4515
4516
4519
4521
4523
4525
4526
4530
4531
4532
4533
4536
4538
4540
4541
4543
4544
4547
4548
4549
4553
4554
4556
4557
4558
4560
4561
4564
4566
4568
4573
4575
4579
4580
4584
4587
4588
4589
4591
4593
4594
4601
4603
4605
4609
4610
4611
4614
4618
4619
4620
4621
4622
4623
4632
4633
4634
4635
4636
4637
4638
4644
4646
4647
4648
4662
4665
4672
4674
4679
4682
4683
4684
4687
4690
4694
4695
4699
4700
4701
4703
4704
4718
4719
4720
4721
4722
4723
4724
4725
4728
4730
4731
4736
4737
4738
4739
4740
4743
4745
4748
4749
4750
4754
4760
4765
4771
4775
4776
4777
4780
4781
4786
4787
4790
4792
4796
4797
4798
4800
4801
4805
4806
4812
4817
4824
4826
4833
4834
4836
4841
4845
4852
4854
4855
4856
4858
4861
4864
4865
4866
4873
4876
4878
4881
4883
4889
4892
4896
4900
4902
4905
4909
4911
4914
4915
4916
4918
4928
4934
4936
4940
4948
4950
4951
4952
4953
4956
4958
4964
4968
4970
4972
4975
4976
4977
4979
4980
4985
4988
4989
4992
4993
5000
5002
5006
5009
5011
5016
5018
5019
5023
5025
5029
5030
5033
5034
5035
5041
5042
5046
5051
5057
5059
5060
5061
5063
5065
5069
5070
5074
5075
5080
5081
5082
5083
5086
5088
5089
5090
5091
5097
5100
5103
5104
5107
5108
5110
5112
5114
5115
5117
5118
5119
5121
5125
5126
5127
5128
5133
5136
5138
5139
5140
5143
5144
5150
5151
5153
5154
5156
5157
5170
5174
5178
5179
5186
5189
5195
5196
5198
5200
5206
5209
5213
5215
5216
5217
5220
5222
5228
5240
5243
5244
5251
5262
5272
5277
5280
5287
5291
5292
5299
5302
5303
5304
5315
5320
5329
5334
5336
5339
5342
5343
5415
5426
5438
5461
5463
5489
5557
5560
5565
5572
5573
5580
5582
5595
5601
5605
5606
5607
5619
5623
5624
5641
5643
5649
5652
5657
5660
5679
5712
5736
5742
5747
5753
5759
5761
5765
5769
5771
5777
5779
5795
5805
5808
5810
5811
5813
5816
5817
5824
5827
5832
5837
5838
5848
5860
5866
5873
5878
5881
5885
5894
5898
5903
5908
5909
5911
5917
5921
5923
5924
5926
5927
5941
5945
5954
5955
5962
5977
5979
5981
6005
6008
6009
6030
6032
6048
6053
6059
6062
6064
6066
6078
6094
6095
6110
6116
6125
6128
6129
6138
6148
6156
6157
6161
6182
6186
6192
6202
6208
6234
6236
6239
6243
6245
6247
6267
6268
6271
6286
6294
6305
6307
6310
6321
6329
6336
6338
6343
6344
6348
6351
6353
6363
6366
6368
6376
6378
6379
6381
6392
6402
6411
6416
6423
6432
6440
6448
6449
6450
6451
6452
6454
6481
6496
6503
6506
6521
6522
6524
6536
6539
6543
6551
6819
6831
6836
6837
6845
6848
6857
6863
6864
6955
6961
6965
6966
6976
6978
6985
6987
6991
6997
6998
7006
7007
7014
7017
7018
7021
7027
7029
7031
7032
7034
7036
7045
7048
7054
7056
7057
7058
7061
7064
7065
7069
7071
7078
7079
7080
7082
7086
7092
7103
7106
7108
7115
7125
7127
7128
7129
7131
7133
7139
7149
7150
7152
7155
7169
7171
7192
7208
7220
7221
7229
7238
7246
7249
7260
7262
7269
7283
7286
7299
7308
7323
7331
7333
7341
7346
7353
7357
7359
7366
7379
7386
7400
7408
7409
7415
7421
7432
7438
7448
7456
7457
7485
7488
7498
7502
7505
7506
7507
7513
7514
7521
7544
7547
7556
7565
7568
7575
7576
7577
7582
7584
7585
7588
7591
7597
7598
7601
7604
7616
7619
7623
7626
7628
7633
7647
7648
7652
7655
7656
7661
7669
7681
7682
7684
7685
7688
7689
7694
7695
7698
7701
7704
7709
7710
7712
7716
7719
7725
7732
7733
7741
7747
7749
7752
7754
7760
7762
7763
7767
7768
7771
7772
7773
7776
7779
7781
7782
7785
7792
7801
7802
7803
7810
7812
7816
7818
7830
7834
7840
7846
7851
7852
7855
7856
7857
7864
7873
7876
7877
7879
7881
7887
7888
7891
7900
7903
7907
7910
7915
7917
7918
7919
7921
7922
7924
7925
7928
7930
7932
7934
7935
7936
7940
7942
7948
7957
7963
7968
7972
7973
7980
7985
7997
7998
7999
8005
8029
8035
8040
8056
8058
8080
8100
8104
8112
8113
8117
8123
8125
8142
8144
8150
8152
8153
8156
8157
8158
8163
8164
8165
8167
8168
8169
8171
8172
8177
8182
8186
8191
8192
8193
8194
8196
8202
8203
8204
8210
8218
8223
8225
8235
8239
8251
8254
8264
8265
8266
8269
8278
8281
8285
8288
8291
8292
8293
8298
8301
8303
8304
8310
8315
8316
8318
8325
8333
8334
8336
8339
8340
8343
8349
8359
8360
8361
8369
8371
8379
8381
8382
8383
8388
8390
8392
8393
8395
8405
8408
8409
8417
8418
8420
8426
8430
8431
8433
8439
8442
8445
8446
8447
8449
8450
8452
8456
8457
8470
8472
8484
8486
8487
8490
8495
8496
8497
8505
8509
8511
8514
8516
8517
8519
8520
8522
8523
8525
8527
8529
8531
8537
8541
8543
8548
8550
8553
8557
8564
8571
8572
8574
8577
8584
8588
8590
8593
8602
8604
8609
8611
8614
8617
8620
8624
8636
8642
8647
8652
8653
8667
8668
8669
8680
8695
8701
8705
8713
8724
8737
8738
8739
8741
8752
8757
8760
8767
8781
8786
8789
8795
8796
8805
8813
8814
8815
8825
8829
8838
8848
8851
8852
8861
8873
8898
8954
8957
8972
8988
8992
9019
