39
63
73
92
204
243
273
300
314
362
390
451
460
461
525
559
565
757
836
984
991
1018
1028
1161
1163
1196
1277
1343
1378
1442
1454
1556
1584
1633
1746
1852
1932
1992
1993
2011
2014
2079
2146
2202
2204
2240
2408
2418
2461
2490
2603
2685
2761
2861
2963
3017
3070
3104
3179
3201
3246
3337
3441
3462
3555
3568
3593
3642
3651
3668
3686
3691
3722
3776
3794
3800
3837
3940
3946
3974
4002
4017
4098
4101
4144
4199
4335
4379
4492
4747
4804
4820
4885
4937
4947
4987
5145
5175
5257
5270
5273
5279
5319
5352
5355
5391
5416
5424
5452
5488
5500
5536
5561
5620
5644
5688
5721
5819
5849
5925
6015
6028
6114
6165
6174
6183
6193
6287
6300
6306
6312
6323
6369
6436
6490
6559
6604
6616
6653
6673
6707
6727
6733
6751
6762
6776
6790
6803
6815
6878
6882
6930
6964
7019
7040
7076
7151
7157
7179
7189
7193
7224
7279
7383
7605
7609
7630
7793
7815
7885
7899
8004
8013
8050
8053
8087
8230
8247
8368
8429
8461
8488
8510
8513
8569
8594
8626
8726
8783
8788
8818
8824
8834
8860
8924
