18
19
30
31
61
84
118
129
130
138
144
159
161
168
199
212
215
228
241
253
258
279
313
328
332
404
479
487
492
524
548
582
603
648
649
655
663
700
734
791
822
823
865
882
912
944
964
965
967
996
1038
1043
1081
1087
1088
1127
1135
1145
1154
1229
1250
1266
1281
1300
1303
1311
1336
1338
1357
1365
1366
1394
1440
1480
1485
1493
1515
1522
1547
1564
1569
1577
1628
1657
1672
1690
1709
1716
1815
1819
1857
1871
1891
1910
1934
1948
2003
2062
2181
2190
2231
2250
2274
2296
2311
2327
2340
2354
2436
2470
2471
2474
2491
2511
2517
2541
2575
2582
2588
2623
2652
2678
2686
2699
2701
2759
2782
2809
2827
2840
2841
2865
2894
2932
2983
2988
3037
3039
3061
3082
3119
3133
3182
3191
3217
3233
3248
3262
3325
3341
3342
3349
3351
3371
3399
3404
3426
3438
3448
3454
3461
3467
3485
3495
3515
3516
3531
3547
3575
3599
3657
3704
3738
3853
3891
3911
3947
3973
4028
4092
4102
4103
4107
4112
4119
4122
4178
4180
4181
4200
4227
4271
4275
4300
4304
4329
4331
4410
4463
4474
4478
4496
4528
4625
4655
4709
4729
4789
4795
4815
4819
4843
4844
4983
4986
4996
5036
5049
5067
5109
5276
5364
5400
5421
5428
5465
5526
5541
5550
5567
5568
5685
5690
5726
5728
5770
5772
5778
5804
5829
5831
5943
5949
5961
5993
5996
6001
6004
6024
6036
6044
6071
6081
6127
6142
6159
6171
6196
6206
6210
6241
6246
6279
6288
6296
6325
6331
6335
6350
6360
6403
6408
6419
6426
6473
6474
6507
6510
6511
6513
6571
6575
6585
6587
6598
6601
6618
6690
6700
6701
6708
6716
6724
6774
6850
6853
6870
6893
6897
6952
6956
6969
6981
7050
7067
7085
7119
7140
7141
7153
7181
7185
7198
7212
7216
7236
7244
7256
7298
7336
7344
7356
7370
7418
7442
7468
7493
7504
7518
7519
7551
7612
7621
7627
7638
7668
7680
7697
7702
7708
7727
7738
7784
7786
7832
7868
7874
7904
7914
7966
7975
8003
8048
8059
8065
8069
8099
8162
8170
8179
8258
8259
8306
8326
8380
8387
8422
8435
8460
8471
8489
8549
8552
8556
8568
8625
8675
8682
8698
8711
8722
8742
8745
8754
8777
8817
8868
8879
8930
8946
8948
8959
9002
9023
9048
