14
24
54
57
68
85
86
89
90
98
174
187
188
193
225
232
237
259
271
284
288
302
319
347
374
379
431
442
450
455
457
459
512
522
534
550
594
661
717
747
779
787
832
852
869
887
900
927
929
939
942
945
952
986
1013
1034
1116
1120
1159
1216
1228
1318
1322
1435
1494
1504
1513
1555
1559
1568
1608
1626
1724
1725
1727
1731
1768
1769
1781
1785
1868
1906
1943
1951
1987
2037
2043
2090
2104
2141
2223
2278
2309
2316
2360
2377
2385
2386
2388
2392
2432
2433
2447
2449
2464
2469
2489
2493
2513
2524
2567
2578
2597
2624
2646
2657
2665
2725
2781
2788
2797
2826
2836
2846
2874
2881
2919
2959
2994
3015
3027
3081
3085
3098
3101
3150
3174
3215
3317
3362
3393
3403
3405
3422
3430
3434
3463
3476
3491
3517
3534
3565
3590
3594
3667
3673
3707
3710
3721
3726
3743
3761
3770
3781
3785
3797
3803
3804
3843
3855
3872
3877
3892
3913
3917
3959
3970
3993
3996
4050
4131
4133
4139
4154
4169
4243
4278
4518
4555
4578
4645
4659
4752
4768
4813
4821
4850
4879
4898
4923
4924
4997
5015
5062
5096
5255
5278
5306
5317
5338
5344
5348
5359
5366
5368
5414
5435
5468
5472
5491
5499
5505
5516
5556
5571
5627
5628
5632
5647
5692
5695
5717
5722
5727
5730
5732
5785
5853
5867
5880
5973
6023
6033
6043
6056
6102
6117
6124
6135
6151
6162
6170
6180
6221
6254
6265
6270
6276
6292
6327
6328
6438
6446
6455
6462
6472
6480
6517
6526
6553
6567
6622
6636
6661
6674
6692
6709
6713
6731
6737
6761
6775
6777
6797
6818
6821
6825
6838
6862
6865
6904
6912
6968
7002
7005
7044
7051
7104
7114
7118
7134
7148
7197
7225
7233
7267
7278
7284
7285
7363
7368
7372
7374
7423
7431
7436
7444
7462
7476
7487
7494
7495
7510
7530
7595
7603
7615
7618
7624
7651
7660
7666
7726
7800
7806
7831
7858
7865
7882
7897
7911
7955
8021
8036
8061
8086
8111
8120
8137
8154
8155
8174
8188
8209
8250
8280
8289
8290
8302
8319
8354
8365
8394
8444
8464
8499
8507
8601
8605
8606
8650
8655
8663
8670
8694
8720
8728
8775
8778
8820
8849
8850
8854
8858
8862
8889
8914
8920
8944
8966
8995
9007
9012
9015
9035
