7
39
63
73
77
92
134
139
148
158
165
204
218
243
273
300
314
362
390
393
397
399
402
451
460
461
519
525
559
565
607
612
613
668
757
827
836
862
933
961
976
984
990
991
994
1018
1028
1042
1148
1161
1163
1188
1196
1201
1259
1277
1295
1343
1378
1391
1417
1442
1444
1454
1457
1481
1503
1553
1556
1580
1584
1594
1624
1633
1654
1706
1746
1758
1793
1852
1929
1932
1992
1993
2008
2011
2014
2079
2093
2139
2146
2202
2204
2240
2272
2291
2303
2349
2408
2414
2418
2438
2461
2490
2497
2537
2595
2603
2685
2691
2761
2817
2861
2926
2941
2963
2965
2968
2987
3017
3033
3057
3070
3077
3104
3179
3201
3246
3313
3337
3376
3378
3437
3441
3462
3486
3488
3497
3503
3526
3555
3557
3568
3584
3593
3609
3635
3642
3651
3668
3686
3691
3717
3722
3749
3776
3793
3794
3800
3837
3903
3923
3940
3946
3974
4002
4011
4017
4066
4098
4101
4125
4144
4184
4199
4215
4312
4335
4379
4390
4433
4460
4489
4492
4508
4524
4542
4562
4602
4660
4692
4747
4764
4804
4820
4860
4868
4885
4899
4922
4937
4947
4960
4987
5014
5026
5055
5142
5145
5155
5175
5193
5194
5204
5223
5250
5257
5270
5273
5279
5319
5340
5352
5355
5383
5391
5404
5416
5419
5424
5452
5488
5490
5493
5495
5500
5533
5536
5561
5620
5644
5672
5688
5721
5819
5820
5849
5874
5925
5935
5940
5953
6002
6015
6028
6051
6114
6165
6174
6183
6193
6287
6300
6304
6306
6312
6316
6323
6356
6369
6386
6401
6436
6447
6465
6478
6490
6534
6554
6559
6604
6616
6653
6654
6673
6707
6727
6733
6734
6751
6762
6776
6781
6790
6803
6806
6815
6828
6878
6882
6905
6911
6917
6930
6964
7019
7040
7043
7076
7096
7109
7144
7151
7157
7179
7189
7193
7224
7230
7270
7279
7316
7324
7364
7383
7419
7424
7447
7467
7471
7475
7486
7602
7605
7609
7630
7649
7706
7793
7815
7885
7886
7899
7949
7967
8001
8004
8013
8032
8050
8053
8075
8087
8114
8124
8211
8224
8230
8247
8252
8283
8356
8368
8415
8429
8432
8441
8461
8488
8510
8513
8554
8569
8594
8626
8703
8726
8783
8788
8800
8818
8823
8824
8834
8843
8860
8880
8911
8924
8931
9003
9046
