11
26
36
40
59
65
102
125
128
157
160
186
213
236
239
246
257
291
296
301
309
316
321
323
324
335
340
356
384
389
416
422
426
472
477
544
605
641
653
689
724
737
748
752
756
814
819
833
846
863
891
895
904
919
946
956
971
987
1052
1073
1079
1085
1107
1138
1143
1166
1182
1195
1202
1252
1386
1400
1405
1441
1452
1464
1478
1500
1516
1519
1525
1533
1534
1540
1560
1588
1609
1629
1652
1666
1703
1712
1733
1777
1784
1792
1802
1818
1928
1930
1990
2004
2047
2071
2112
2201
2220
2229
2233
2235
2277
2287
2290
2326
2376
2394
2409
2428
2440
2453
2479
2509
2525
2528
2545
2553
2579
2583
2695
2717
2731
2735
2743
2804
2820
2835
2837
2845
2892
2901
2944
2966
2973
3004
3026
3030
3034
3045
3048
3055
3060
3091
3093
3108
3110
3115
3118
3123
3155
3189
3198
3200
3224
3234
3245
3255
3287
3288
3291
3294
3299
3302
3305
3328
3333
3340
3346
3360
3364
3396
3397
3409
3411
3416
3423
3431
3432
3435
3455
3460
3477
3480
3489
3501
3512
3521
3530
3539
3550
3566
3569
3572
3576
3582
3587
3606
3611
3623
3627
3628
3632
3633
3636
3650
3663
3677
3701
3706
3708
3711
3719
3723
3731
3742
3745
3756
3762
3771
3772
3775
3791
3807
3813
3856
3880
3890
3895
3898
3902
3936
3949
3950
3960
3966
3976
3995
3998
4004
4010
4016
4019
4021
4024
4025
4054
4057
4059
4061
4064
4067
4068
4071
4072
4079
4088
4095
4096
4099
4106
4109
4113
4115
4118
4123
4127
4148
4150
4151
4202
4223
4269
4276
4287
4336
4348
4353
4360
4362
4371
4373
4376
4377
4420
4432
4446
4448
4452
4453
4458
4459
4462
4464
4485
4487
4488
4497
4510
4527
4551
4565
4582
4608
4615
4628
4629
4640
4651
4656
4658
4670
4671
4678
4698
4763
4766
4767
4772
4778
4802
4803
4807
4814
4825
4828
4830
4838
4846
4851
4874
4880
4882
4901
4925
4927
4930
4935
4944
4954
4957
4971
4984
4994
5003
5012
5013
5017
5028
5040
5056
5066
5072
5073
5098
5106
5116
5120
5124
5130
5135
5148
5149
5152
5160
5176
5185
5210
5212
5221
5283
5293
5296
5298
5300
5311
5318
5330
5358
5365
5367
5386
5389
5398
5402
5407
5409
5412
5423
5427
5429
5436
5439
5442
5444
5445
5447
5455
5464
5467
5471
5477
5486
5497
5506
5515
5524
5525
5530
5548
5554
5562
5566
5576
5588
5591
5611
5614
5622
5625
5646
5655
5666
5674
5681
5694
5697
5704
5711
5725
5729
5733
5738
5739
5746
5749
5754
5757
5764
5783
5786
5790
5791
5833
5835
5843
5844
5850
5851
5856
5859
5871
5876
5882
5889
5890
5902
5914
5919
5920
5933
5958
5959
5964
5976
5978
5980
6000
6012
6016
6019
6020
6027
6031
6037
6040
6054
6063
6065
6067
6080
6082
6083
6084
6087
6088
6090
6096
6098
6100
6101
6119
6132
6133
6136
6141
6143
6146
6173
6185
6189
6194
6200
6207
6216
6222
6235
6249
6262
6264
6277
6291
6313
6314
6324
6334
6340
6341
6342
6345
6347
6359
6361
6384
6393
6394
6395
6418
6437
6442
6443
6453
6471
6482
6487
6491
6492
6502
6509
6515
6523
6535
6549
6558
6561
6564
6570
6584
6590
6596
6612
6614
6626
6627
6633
6635
6638
6641
6644
6649
6660
6669
6670
6678
6686
6688
6694
6696
6721
6723
6738
6740
6742
6745
6757
6765
6767
6779
6796
6804
6813
6816
6833
6871
6886
6910
6915
6916
6941
6967
6974
6977
6982
6992
7000
7020
7033
7035
7041
7062
7074
7081
7093
7094
7097
7102
7116
7136
7147
7156
7160
7161
7165
7167
7170
7174
7175
7178
7184
7188
7194
7196
7204
7207
7214
7217
7222
7231
7255
7259
7272
7293
7312
7314
7315
7319
7322
7325
7329
7337
7342
7362
7373
7381
7385
7390
7401
7402
7422
7428
7433
7449
7458
7460
7470
7491
7500
7516
7522
7526
7527
7536
7537
7540
7578
7587
7611
7614
7653
7663
7670
7700
7717
7729
7755
7756
7819
7827
7829
7848
7859
7866
7875
7880
7889
7894
7898
7926
7939
7943
7945
7950
7958
7959
7960
7961
7976
7977
7978
7983
7986
7989
7994
8000
8009
8011
8017
8024
8025
8031
8038
8039
8041
8047
8054
8064
8072
8074
8076
8078
8082
8088
8092
8097
8106
8107
8115
8121
8128
8135
8138
8141
8147
8148
8180
8181
8183
8189
8205
8206
8207
8208
8212
8216
8221
8231
8236
8238
8244
8245
8248
8255
8257
8262
8271
8274
8286
8295
8297
8309
8322
8328
8329
8335
8344
8352
8353
8357
8363
8364
8372
8374
8389
8391
8398
8399
8401
8406
8421
8436
8437
8466
8468
8476
8480
8483
8501
8502
8539
8542
8562
8563
8580
8599
8603
8613
8616
8623
8629
8646
8658
8678
8681
8684
8685
8692
8716
8725
8743
8744
8748
8749
8764
8780
8782
8784
8794
8801
8806
8807
8830
8839
8865
8872
8877
8878
8886
8891
8896
8903
8905
8912
8917
8921
8922
8926
8934
8937
8941
8943
8945
8953
8963
8965
8968
8969
8975
8980
8985
8986
8991
8994
9001
9013
9031
9034
9045
9047