7
77
134
139
148
158
165
218
393
397
399
402
519
607
612
613
668
827
862
933
961
976
990
994
1042
1148
1188
1201
1259
1295
1391
1417
1444
1457
1481
1503
1553
1580
1594
1624
1654
1706
1758
1793
1929
2008
2093
2139
2272
2291
2303
2349
2414
2438
2497
2537
2595
2691
2817
2926
2941
2965
2968
2987
3033
3057
3077
3313
3376
3378
3437
3486
3488
3497
3503
3526
3557
3584
3609
3635
3717
3749
3793
3903
3923
4011
4066
4125
4184
4215
4312
4390
4433
4460
4489
4508
4524
4542
4562
4602
4660
4692
4764
4860
4868
4899
4922
4960
5014
5026
5055
5142
5155
5193
5194
5204
5223
5250
5340
5383
5404
5419
5490
5493
5495
5533
5672
5820
5874
5935
5940
5953
6002
6051
6304
6316
6356
6386
6401
6447
6465
6478
6534
6554
6654
6734
6781
6806
6828
6905
6911
6917
7043
7096
7109
7144
7230
7270
7316
7324
7364
7419
7424
7447
7467
7471
7475
7486
7602
7649
7706
7886
7949
7967
8001
8032
8075
8114
8124
8211
8224
8252
8283
8356
8415
8432
8441
8554
8703
8800
8823
8843
8880
8911
8931
9003
9046
