9
13
43
52
82
105
120
141
146
156
167
194
201
217
248
292
325
327
329
351
353
377
380
392
417
420
428
501
513
539
584
628
657
696
697
703
706
715
736
766
785
796
802
821
871
883
938
941
948
955
957
970
981
1001
1002
1003
1010
1017
1019
1025
1026
1082
1083
1086
1100
1117
1199
1221
1227
1235
1244
1257
1284
1291
1296
1301
1302
1307
1309
1316
1356
1401
1423
1430
1477
1509
1510
1613
1634
1638
1664
1681
1684
1714
1755
1790
1804
1831
1913
1938
1954
1979
1983
2017
2038
2114
2142
2192
2195
2211
2255
2262
2269
2288
2289
2307
2324
2328
2348
2363
2379
2381
2400
2415
2488
2494
2503
2520
2538
2546
2559
2566
2570
2659
2747
2748
2755
2803
2819
2823
2829
2855
2857
2883
2884
2902
2906
2958
2975
2986
3009
3024
3112
3163
3167
3204
3232
3244
3297
3304
3329
3370
3402
3407
3413
3439
3456
3465
3479
3482
3499
3505
3527
3544
3560
3595
3615
3624
3658
3660
3678
3679
3694
3759
3764
3782
3832
3862
3948
3951
3984
4013
4055
4090
4091
4129
4220
4221
4255
4291
4316
4374
4404
4505
4559
4599
4606
4652
4669
4691
4732
4829
4848
4939
4959
4962
4982
5005
5007
5068
5078
5163
5169
5225
5242
5269
5271
5357
5374
5380
5396
5422
5443
5454
5470
5473
5487
5508
5549
5599
5603
5661
5676
5715
5735
5748
5766
5776
5792
5807
5815
5852
5854
5896
5913
5974
5987
5997
6003
6013
6021
6041
6070
6112
6121
6134
6147
6153
6167
6197
6212
6215
6217
6233
6250
6332
6354
6382
6385
6406
6444
6463
6525
6529
6555
6580
6629
6697
6702
6714
6739
6747
6753
6759
6772
6785
6800
6809
6812
6841
6887
6928
6932
6944
6980
7010
7047
7070
7112
7138
7143
7145
7164
7187
7211
7247
7289
7343
7355
7440
7450
7459
7473
7492
7497
7523
7548
7561
7579
7622
7645
7664
7678
7687
7715
7728
7734
7737
7751
7780
7817
7837
7850
7872
7893
8002
8018
8027
8045
8057
8066
8071
8093
8161
8222
8246
8268
8279
8284
8294
8314
8323
8384
8386
8407
8410
8443
8455
8458
8481
8521
8534
8540
8579
8608
8622
8651
8687
8707
8734
8735
8747
8765
8771
8773
8798
8808
8844
8874
8888
8894
8927
8950
8962
8998
